array_size;time_spent(s);PAPI_L1_TCM;PAPI_L2_TCM;PAPI_L3_TCM;DATA_BYTES;NUM_INSTRUCTIONS;PAPI_TOT_INS
2048;0.1469999999;967;866;356;16384;2380342;1265756
2176;0.1650000066;1196;1018;428;17408;2549223;1379428
2304;0.1740000099;1414;960;346;18432;2719253;1495186
2432;0.2530000210;1472;977;404;19456;2890366;1610963
2560;0.1970000118;1760;1083;426;20480;3062508;1728897
2688;0.2130000144;1846;1130;395;21504;3235625;1844691
2816;0.3050000072;2012;1125;459;22528;3409672;1962625
2944;0.2650000155;2126;1174;387;23552;3584606;2080578
3072;0.2520000041;2313;1338;584;24576;3760388;2200688
3200;0.3890000284;2406;1224;220;25600;3936984;2255956
3328;0.4020000100;2539;1245;222;26624;4114360;2313346
3456;0.3060000241;2889;1481;461;27648;4292488;2370756
3584;0.3130000234;2960;1743;466;28672;4471338;2430322
3712;0.3660000265;3318;2159;773;29696;4650885;2487748
3840;0.3250000179;3429;1654;511;30720;4831104;2547314
3968;0.3010000288;3222;1419;524;31744;5011975;2606898
4096;0.3090000153;3373;1444;493;32768;5193475;2668640
4224;0.3540000021;3894;1973;614;33792;5375585;2785531
4352;0.3400000036;3896;1635;569;34816;5558286;2904488
4480;0.3520000279;4109;1563;667;35840;5741561;3023465
4608;0.3570000231;4376;1649;703;36864;5925394;3144599
4736;0.3810000122;4638;1632;664;37888;6109769;3263593
4864;0.3890000284;4866;1734;841;38912;6294671;3384727
4992;0.4010000229;5044;1791;852;39936;6480087;3505880
5120;0.5290000439;5304;1796;701;40960;6666003;3629190
5248;0.6100000143;5412;1771;895;41984;6852407;3748202
5376;0.6060000062;5566;1888;736;43008;7039287;3869336
5504;0.6460000277;5705;1812;441;44032;7226631;3990489
5632;0.6290000081;6387;3112;923;45056;7414429;4124549
5760;0.5670000315;6406;2215;811;46080;7602671;4246102
5888;0.5160000324;6363;1892;449;47104;7791347;4369796
6016;0.5460000038;6675;2668;795;48128;7980446;4493510
6144;0.5210000277;6593;2000;426;49152;8169961;4619379
6272;0.5400000215;6934;2170;914;50176;8359883;4677865
6400;0.7750000358;6954;2011;546;51200;8550202;4738455
6528;0.7430000305;7171;2080;859;52224;8740912;4799064
6656;0.5630000234;7439;2147;862;53248;8932005;4861830
6784;0.8070000410;7483;2162;546;54272;9123472;4922456
6912;0.6260000467;7971;2340;1017;55296;9315308;4985223
7040;0.9610000253;8308;3583;383;56320;9507505;5048008
7168;0.7470000386;8156;2305;975;57344;9700057;5112949
7296;0.6440000534;8343;2334;527;58368;9892958;5173593
7424;0.5960000157;8599;2286;559;59392;10086201;5236359
7552;0.6060000062;8612;2401;485;60416;10279780;5299144
7680;0.7840000391;9166;2652;888;61440;10473690;5364086
7808;0.9610000253;9655;3146;973;62464;10667925;5426890
7936;0.6320000291;9283;2745;1112;63488;10862480;5491830
8064;0.6640000343;9576;2593;1192;64512;11057350;5556791
8192;0.6400000453;9498;2697;1230;65536;11252530;5623909
8320;1.0170000792;10337;3488;1088;66560;11448014;5744401
8448;1.1920000315;10419;4460;1103;67584;11643799;5866944
8576;1.0049999952;10941;4029;1347;68608;11839879;5989505
8704;0.7070000172;10876;2856;703;69632;12036250;6114222
8832;0.7190000415;10982;3062;1372;70656;12232909;6236800
8960;1.5790001154;11684;4407;1066;71680;12429850;6361519
9088;1.0090000629;11570;3855;1272;72704;12627070;6486256
9216;0.7450000644;11809;2876;1278;73728;12824565;6613149
9344;1.4920001030;11989;3264;627;74752;13022331;6735745
9472;0.7890000343;12397;2915;1204;75776;13220364;6860463
9600;1.6510000229;12846;5105;1211;76800;13418661;7139579
9728;0.8140000105;12939;3356;1268;77824;13617218;7112094
9856;0.9400000572;12993;3351;713;78848;13816031;7398393
9984;0.8840000629;13787;3814;1369;79872;14015098;7528872
10112;1.3560000658;13864;5095;1360;80896;14214416;7659369
10240;1.1940000057;13949;3790;1376;81920;14413980;7792022
10368;1.2440000772;14457;4400;805;82944;14613788;7918221
10496;1.3090000153;14311;3340;641;83968;14813837;8046522
10624;0.9700000286;14619;3601;799;84992;15014124;8174844
10752;0.9720000625;14865;4037;670;86016;15214646;8305322
10880;0.9980000257;15148;5000;918;87040;15415401;8433659
11008;1.0329999924;15672;6098;1697;88064;15616385;8564138
11136;1.3370000124;15232;3539;876;89088;15817596;8694634
11264;1.0390000343;15836;4319;801;90112;16019031;8827289
11392;1.0590000153;16086;5368;996;91136;16220688;8955645
11520;1.1120001078;16274;6044;1506;92160;16422564;9086123
11648;1.0800000429;16437;5630;1568;93184;16624657;9216620
11776;1.1120001078;16694;4535;1463;94208;16826964;9349274
11904;1.0760000944;16708;3870;1088;95232;17029484;9479787
12032;1.1110000610;16875;4404;829;96256;17232213;9612441
12160;1.1660000086;17153;5188;791;97280;17435150;9745115
12288;1.1240000725;17018;4133;781;98304;17638292;9879944
12416;1.2430000305;17738;4712;921;99328;17841637;9941648
12544;1.9660000801;18128;5354;1523;100352;18045184;10005438
12672;1.1900000572;17892;4434;1723;101376;18248930;10069247
12800;1.2570000887;18370;4574;1556;102400;18452872;10135213
12928;1.2120000124;18543;6186;935;103424;18657010;10199040
13056;1.1780000925;18579;5767;1793;104448;18861342;10265005
13184;1.2190001011;18927;5945;1676;105472;19065864;10330991
13312;1.1930000782;19240;5192;905;106496;19270576;10399132
13440;2.0889999866;19495;6853;1671;107520;19475475;10462977
13568;2.1710000038;19309;6188;1017;108544;19680561;10528942
13696;3.2770001888;20641;8592;1658;109568;19885830;10594928
13824;1.2130000591;20030;5600;1683;110592;20091282;10663069
13952;1.2560000420;20311;6401;1070;111616;20296914;10729072
14080;1.2260000706;20201;5913;1898;112640;20502726;10797213
14208;1.2330000401;20445;4681;732;113664;20708715;10865374
14336;1.9620001316;20991;6948;1879;114688;20914879;10935692
14464;1.7090001106;21428;7219;1696;115712;21121218;10999555
14592;1.4160000086;21771;9865;2206;116736;21327729;11065523
14720;1.6610001326;21611;7177;1943;117760;21534412;11131506
14848;1.2920000553;22085;5499;1996;118784;21741264;11199647
14976;1.6480001211;21796;7281;1825;119808;21948285;11265649
15104;2.0160000324;22113;8132;1834;120832;22155472;11333792
15232;1.3300000429;22332;7831;970;121856;22362825;11401953
15360;1.6890001297;23080;8004;1055;122880;22570342;11472271
15488;1.3160001040;23181;6726;1241;123904;22778021;11538290
15616;1.3600000143;22834;5953;2149;124928;22985861;11606432
15744;1.3640000820;23464;7124;1057;125952;23193862;11674594
15872;1.3440001011;23932;7044;1507;126976;23402021;11744911
16000;1.3520001173;24003;7552;1906;128000;23610337;11813089
16128;1.3530000448;23806;6032;2109;129024;23818810;11883407
16256;1.3630000353;24651;7846;2247;130048;24027437;11953744
16384;1.3860000372;24479;9053;1363;131072;24236218;11796788
16512;1.3790000677;24588;7607;2353;132096;24445152;11920498
16640;1.4130001068;25291;9852;2083;133120;24654236;12046241
16768;1.9900001287;25960;9434;2438;134144;24863471;12172000
16896;4.8220000267;25937;9617;2266;135168;25072855;12299919
17024;2.5700001717;26399;8449;2353;136192;25282387;12425697
17152;1.4960000515;26888;10045;2405;137216;25492065;12553615
17280;2.1920001507;27067;10029;2531;138240;25701889;12681551
17408;1.4740000963;27102;7350;926;139264;25911857;12811645
17536;1.5250000954;27557;9699;2226;140288;26121969;12937443
17664;1.5130001307;27629;9062;2141;141312;26332223;13065360
17792;1.5620000362;27931;10037;2268;142336;26542619;13193297
17920;1.5950000286;28304;11099;1841;143360;26753155;13323391
18048;1.7920000553;28477;9160;1556;144384;26963831;13451345
18176;2.2130000591;28623;8978;1240;145408;27174645;13581439
18304;2.6550002098;29424;11828;1475;146432;27385596;13711552
18432;1.5660001040;29029;9904;1220;147456;27596684;13843821
18560;1.7290000916;29716;12376;2224;148480;27807907;13969637
18688;2.1410000324;30273;11201;1263;149504;28019265;14097555
18816;1.7420001030;29886;10800;1426;150528;28230756;14225490
18944;2.2050001621;30169;9413;1222;151552;28442380;14355584
19072;1.7370001078;31102;11409;1445;152576;28654136;14483539
19200;1.9970000982;31162;10770;1370;153600;28866023;14613634
19328;2.1710000038;31394;11296;1878;154624;29078040;14743746
19456;2.1900000572;31163;10639;2500;155648;29290186;14876015
19584;2.3700001240;31810;12692;1419;156672;29502461;15003989
19712;2.2280001640;31589;10658;1377;157696;29714863;15134082
19840;1.7720000744;32499;12364;1516;158720;29927392;15264195
19968;1.7900000811;32368;11673;1647;159744;30140047;15396464
20096;1.7940000296;32956;12115;1852;160768;30352827;15526596
20224;1.8220001459;33011;13949;2792;161792;30565731;15658866
20352;1.8670001030;33127;11281;1848;162816;30778758;15791153
20480;1.8250000477;33876;13529;1729;163840;30991909;15925600
20608;5.0420002937;33792;13458;2778;164864;31205181;16051433
20736;1.8390001059;33778;12611;2227;165888;31418574;16179350
20864;4.9810004234;34677;17068;2549;166912;31632088;16307288
20992;1.8770000935;34371;12593;1532;167936;31845722;16437380
21120;1.9440001249;35051;14348;1625;168960;32059474;16565336
21248;2.9530000687;35849;17408;2744;169984;32273345;16695433
21376;1.9540001154;35351;12402;1771;171008;32487334;16825541
21504;2.1579999924;35472;13308;1520;172032;32701439;16957811
21632;2.4030001163;36376;13742;1614;173056;32915660;17085785
21760;3.3310000896;35973;15869;1610;174080;33129997;17215879
21888;2.8200001717;36643;15173;1397;175104;33344449;17345992
22016;1.9830000401;36438;14073;1767;176128;33559014;17478260
22144;1.9970000982;36481;12967;1866;177152;33773694;17608391
22272;2.5810000896;36624;13162;1436;178176;33988485;17740661
22400;2.2750000954;37348;13808;1824;179200;34203390;17872949
22528;2.2610001564;37036;13592;2867;180224;34418405;18007395
22656;2.0940001011;38030;15306;2088;181248;34633532;18135387
22784;2.1670000553;38008;15984;1874;182272;34848768;18265481
22912;2.1280000210;38084;15735;2588;183296;35064114;18395593
23040;2.1520001888;38356;15740;1894;184320;35279570;18527863
23168;2.7510001659;38588;15969;1580;185344;35495133;18657994
23296;2.1490001678;38846;14883;2435;186368;35710805;18790263
23424;2.7760000229;39539;16633;1763;187392;35926584;18922552
23552;2.2440001965;39014;16278;3012;188416;36142469;19056998
23680;2.9260001183;39978;18289;1621;189440;36358460;19187149
23808;2.1860001087;39668;15728;1537;190464;36574557;19319416
23936;2.2480001450;40254;18117;2148;191488;36790759;19451705
24064;2.2039999962;40299;16558;3156;192512;37007065;19586150
24192;3.5170001984;41377;19776;2593;193536;37223475;19718459
24320;2.9390001297;41146;16106;2087;194560;37439988;19852903
24448;2.2530000210;41162;16641;1916;195584;37656604;19987367
24576;4.7640004158;41318;18130;3229;196608;37873322;20123990
24704;2.3560001850;40899;16581;3359;197632;38090141;20188912
24832;2.3540000916;42267;17808;3136;198656;38307062;20255902
24960;5.2880001068;42750;22500;3416;199680;38524083;20322912
25088;2.8490002155;42714;18952;3184;200704;38741205;20392077
25216;2.5290000439;42508;17927;1884;201728;38958426;20459103
25344;2.4440000057;43325;19694;1760;202752;39175746;20528270
25472;2.4390001297;43805;19727;2156;203776;39393164;20597454
25600;2.4260001183;43842;19226;3573;204800;39610681;20668796
25728;2.4160001278;43935;18015;1904;205824;39828295;20735840
25856;2.4450001717;44261;20936;2769;206848;40046006;20805007
25984;2.3900001049;44232;17811;2992;207872;40263814;20874190
26112;3.3210000992;45082;20989;1956;208896;40481717;20945534
26240;2.4050002098;44751;18026;1708;209920;40699717;21014735
26368;3.5710000992;45569;23099;2583;210944;40917812;21086079
26496;2.4230000973;45403;18778;3137;211968;41136001;21157437
26624;2.7990000248;46107;19555;3448;212992;41354285;21230956
26752;2.4410002232;45986;19215;3405;214016;41572662;21298018
26880;2.4460000992;45966;19599;3438;215040;41791133;21367184
27008;3.1170001030;47593;24237;3820;216064;42009697;21436370
27136;2.4630000591;46089;18670;3144;217088;42228353;21507710
27264;3.3310000896;47479;21064;3568;218112;42447101;21576913
27392;3.8880002499;47389;22742;3376;219136;42665941;21648256
27520;2.4760000706;47491;20271;3595;220160;42884872;21719615
27648;3.0600001812;47759;22047;2038;221184;43103894;21793134
27776;2.4910001755;47925;21513;3262;222208;43323006;21862354
27904;2.5390000343;48457;23000;2539;223232;43542208;21933697
28032;2.5380001068;48625;20157;2201;224256;43761500;22005057
28160;3.2130000591;48727;24123;2450;225280;43980881;22078575
28288;3.2250001431;49401;22000;3359;226304;44200350;22149954
28416;2.5510001183;48686;21095;2097;227328;44419908;22223472
28544;2.5550000668;49099;22012;2115;228352;44639553;22297007
28672;2.5210001469;49381;20114;3532;229376;44859286;22372701
28800;2.5780000687;49809;23319;3817;230400;45079106;22439783
28928;2.6190001965;50415;25349;2875;231424;45299013;22508949
29056;2.5700001717;50480;22523;3903;232448;45519006;22578132
29184;2.6140000820;50936;26439;3693;233472;45739086;22649475
29312;2.6190001965;51242;23258;2940;234496;45959250;22718678
29440;4.2130002975;53962;28580;7605;235520;46179500;22790020
29568;4.8200001717;51624;24334;3453;236544;46399835;22861380
29696;2.6440000534;51516;21201;3555;237568;46620254;22934898
29824;2.7310001850;51968;23121;3853;238592;46840758;23004118
29952;2.6630001068;52416;25117;4051;239616;47061345;23075460
30080;3.2090001106;52789;25458;2524;240640;47282015;23146821
30208;3.5420000553;53362;26088;3818;241664;47502769;23220339
30336;2.7260000706;53037;24059;3933;242688;47723605;23291717
30464;2.6930000782;53732;25081;4186;243712;47944523;23365236
30592;3.5650000572;53965;27171;2785;244736;48165524;23438772
30720;2.7170002460;54016;26536;3603;245760;48386606;23514466
30848;2.8490002155;53696;24190;2196;246784;48607769;23583704
30976;2.7280001640;54770;25791;3100;247808;48829014;23655047
31104;3.7820000648;55032;27837;2215;248832;49050339;23726407
31232;2.7400002480;55196;26289;2904;249856;49271744;23799925
31360;2.7080001831;55461;25429;2760;250880;49493229;23871303
31488;2.7690000534;55901;27674;2660;251904;49714794;23944822
31616;2.7560000420;55493;26092;2549;252928;49936439;24018358
31744;3.3290002346;55919;28083;2591;253952;50158162;24094052
31872;3.5680000782;56720;26268;2738;254976;50379964;24165450
32000;2.8050000668;56980;27759;3724;256000;50601844;24238967
32128;3.7760002613;57285;29120;3494;257024;50823802;24312503
32256;2.8680000305;57412;26664;3216;258048;51045838;24388196
32384;2.8320000172;58190;28888;4511;259072;51267952;24461752
32512;2.8330001831;57765;25998;2722;260096;51490143;24537446
32640;2.8350000381;58003;28348;4342;261120;51712410;24613158
32768;2.9180002213;57586;26415;2896;262144;51934754;24691027
32896;2.8560001850;57648;28567;2718;263168;52157174;24817957
33024;7.3600001335;58833;29137;4323;264192;52379670;24946900
33152;6.1860003471;60084;31786;4362;265216;52602242;25075860
33280;2.9380002022;60407;29503;4426;266240;52824889;25206978
33408;5.9670004845;60628;30762;4356;267264;53047611;25335956
33536;2.9770002365;60493;30628;3962;268288;53270408;25467074
33664;2.9720001221;61785;28974;5179;269312;53493279;25598210
33792;2.9900002480;61608;29158;4878;270336;53716225;25731504
33920;2.9980001450;62043;31314;4283;271360;53939244;25860501
34048;3.2490000725;62003;29548;2877;272384;54162337;25991618
34176;3.8560001850;62525;30001;4067;273408;54385504;26122755
34304;3.0160000324;62645;30535;2930;274432;54608743;26256048
34432;4.0659999847;63366;31246;3994;275456;54832056;26387203
34560;3.0600001812;63343;29795;2803;276480;55055440;26520498
34688;3.0440001488;63507;28758;4050;277504;55278898;26653809
34816;3.5830001831;63985;32559;4851;278528;55502427;26789281
34944;3.6740002632;64365;33674;4478;279552;55726028;26918295
35072;3.2460000515;64244;30526;4612;280576;55949700;27049413
35200;3.1750001907;64666;32746;4456;281600;56173443;27180549
35328;3.6230001450;64641;32549;4825;282624;56397258;27313843
35456;3.5340001583;65654;34440;4650;283648;56621143;27444998
35584;8.0500001907;64643;34359;4666;284672;56845099;27578293
35712;3.6990001202;65761;32856;2972;285696;57069125;27711606
35840;6.3630003929;65930;35609;4466;286720;57293220;27847075
35968;3.7170002460;66352;33644;2829;287744;57517386;27978247
36096;3.2280001640;66536;34412;3807;288768;57741621;28111541
36224;3.3980002403;66175;33903;2720;289792;57965925;28244853
36352;5.0770001411;67864;35339;3107;290816;58190298;28380324
36480;3.2640001774;67351;33659;2918;291840;58414739;28513654
36608;4.1760001183;67808;32860;3108;292864;58639249;28649124
36736;3.2950000763;67248;33137;2683;293888;58863828;28784611
36864;3.2780001163;68218;34463;3049;294912;59088474;28922258
36992;3.3080000877;68867;34895;2968;295936;59313188;29051291
37120;3.3240001202;68842;35382;3653;296960;59537970;29182409
37248;3.3420002460;69376;33584;4464;297984;59762819;29313545
37376;3.3710000515;69592;37207;5189;299008;59987735;29446839
37504;3.3900001049;70089;34774;4460;300032;60212718;29577994
37632;6.4800004959;70635;35831;4514;301056;60437767;29711289
37760;3.9520001411;70649;36895;3296;302080;60662883;29844601
37888;4.7950000763;70532;37082;4012;303104;60888065;29980071
38016;5.3100004196;71306;37959;5037;304128;61113313;30111243
38144;8.6610002518;71616;37871;5061;305152;61338626;30244538
38272;3.5160002708;71941;36446;3737;306176;61564005;30377849
38400;3.5290002823;71628;36266;3289;307200;61789449;30513319
38528;3.5220000744;72027;35689;4566;308224;62014959;30646650
38656;4.1300001144;72163;37322;3240;309248;62240533;30782120
38784;3.5400002003;72309;36639;2999;310272;62466172;30917608
38912;4.2140002251;72617;38287;3692;311296;62691875;31055255
39040;3.7410001755;72892;35829;3105;312320;62917642;31186444
39168;3.5730001926;73423;37889;3569;313344;63143473;31319739
39296;3.6150002480;73753;37277;3932;314368;63369368;31453051
39424;3.6240000725;74726;39328;3327;315392;63595327;31588521
39552;3.6290001869;74593;38243;3472;316416;63821349;31721852
39680;4.0700001717;74857;38507;4551;317440;64047434;31857322
39808;3.6570000648;75320;39442;3463;318464;64273582;31992810
39936;3.6490001678;75010;39524;3693;319488;64499793;32130456
40064;3.6790001392;75141;38841;3395;320512;64726066;32263805
40192;3.6960000992;75561;39287;3802;321536;64952402;32399275
40320;3.6740002632;76171;37588;3656;322560;65178800;32534762
40448;3.7030000687;76700;39350;3567;323584;65405259;32672409
40576;3.7440001965;77563;39418;3964;324608;65631781;32807916
40704;4.9970002174;76869;40504;5281;325632;65858364;32945562
40832;3.7480001450;77655;38969;4598;326656;66085008;33083226
40960;3.7820000648;77335;40340;4677;327680;66311714;33223048
41088;3.7830002308;77133;41941;3946;328704;66538481;33352099
41216;3.8150002956;78181;40543;3328;329728;66765308;33483217
41344;3.8630001545;78224;41956;5130;330752;66992196;33614353
41472;4.5090003014;78736;41083;5356;331776;67219144;33747648
41600;3.8740000725;79303;42143;4789;332800;67446153;33878802
41728;4.1100001335;80109;43918;4021;333824;67673221;34012096
41856;3.9290001392;79750;42754;3728;334848;67900350;34145408
41984;3.9370002747;80071;44415;4759;335872;68127538;34280878
42112;3.9550001621;80977;42537;3945;336896;68354785;34412051
42240;3.9850001335;80381;42742;3927;337920;68582092;34545345
42368;3.9810001850;80255;40922;3246;338944;68809458;34678657
42496;3.9930002689;80246;42496;3682;339968;69036883;34814127
42624;3.9980001450;81127;41082;4843;340992;69264367;34947458
42752;4.0260000229;81979;43454;5311;342016;69491909;35082928
42880;4.0310001373;82008;43254;3886;343040;69719510;35218416
43008;4.0570001602;82038;44790;3777;344064;69947169;35356062
43136;4.1430001259;82708;43571;5586;345088;70174886;35487253
43264;4.0989999771;83305;44874;5759;346112;70402661;35620547
43392;4.0880002975;83175;42701;4063;347136;70630494;35753859
43520;4.1050000191;83314;44856;4193;348160;70858384;35889329
43648;4.1560001373;84103;43823;3909;349184;71086332;36022660
43776;4.1660003662;83927;45206;4096;350208;71314337;36158130
43904;4.3120002747;84799;45688;5082;351232;71542399;36293618
44032;4.1579999924;85026;46449;5167;352256;71770518;36431264
44160;4.1610002518;84969;45165;5202;353280;71998693;36564613
44288;4.1790003777;84483;45406;4935;354304;72226925;36700083
44416;4.2890000343;85910;50256;4368;355328;72455214;36835571
44544;6.9460000992;85436;46278;5381;356352;72683559;36973217
44672;5.1360001564;85946;46372;4234;357376;72911959;37108724
44800;4.4130001068;85306;46370;4062;358400;73140416;37246370
44928;7.3420004845;86514;48043;3625;359424;73368928;37384035
45056;4.2850003242;85945;47270;5819;360448;73597497;37523856
45184;4.3260002136;87263;45596;5970;361472;73826120;37655065
45312;4.3180003166;87009;45975;5421;362496;74054799;37788360
45440;4.3600001335;86672;46634;5867;363520;74283533;37921672
45568;4.3400001526;87040;46304;5941;364544;74512321;38057141
45696;4.4320001602;88224;48584;4266;365568;74741165;38190472
45824;4.4050002098;87506;46986;3813;366592;74970063;38325942
45952;4.5830001831;88940;48817;5678;367616;75199016;38461430
46080;4.4160003662;88657;48155;5357;368640;75428023;38599076
46208;4.4530000687;89024;48082;4207;369664;75657085;38732425
46336;4.4770002365;89660;47354;4387;370688;75886200;38867897
46464;5.7550001144;89506;49175;5970;371712;76115369;39003384
46592;5.6250004768;90059;49485;4181;372736;76344592;39141030
46720;4.5280003548;90708;49101;5265;373760;76573869;39276536
46848;4.5000000000;90113;48471;4287;374784;76803199;39414182
46976;4.5659999847;90912;50534;4228;375808;77032583;39551846
47104;4.5170001984;90681;49328;5700;376832;77262019;39691668
47232;4.5270004272;91931;50830;5331;377856;77491509;39825035
47360;4.5410003662;91640;49988;5473;378880;77721051;39960505
47488;4.5500001907;91701;50884;4101;379904;77950646;40095993
47616;4.5730004311;91934;50033;6190;380928;78180294;40233639
47744;6.0490002632;93318;52232;6221;381952;78409995;40369147
47872;4.6490001678;92965;50485;4128;382976;78639747;40506794
48000;4.6890001297;93574;57761;4731;384000;78869552;40644458
48128;6.0080003738;92596;51494;6241;385024;79099409;40784279
48256;4.9620003700;93964;50948;5135;386048;79329317;40919803
48384;6.0250000954;94353;52469;4646;387072;79559278;41057449
48512;4.7630000114;94859;52770;6532;388096;79789290;41195114
48640;4.6830000877;94523;50470;3870;389120;80019353;41334935
48768;4.6909999847;95417;52220;4696;390144;80249468;41472618
48896;4.7039999962;95255;52844;4529;391168;80479634;41612440
49024;4.7150001526;95397;52329;4629;392192;80709851;41752280
49152;4.8640003204;96011;54378;6666;393216;80940120;41894280
49280;4.7510004044;94609;51867;6386;394240;81170439;41962419
49408;4.8340001106;96299;54411;4455;395264;81400808;42032609
49536;4.7760000229;97400;52783;6699;396288;81631228;42102817
49664;6.3210000992;96734;54777;6406;397312;81861699;42175184
49792;6.1930003166;97239;54753;6457;398336;82092220;42245411
49920;5.0840001106;97730;52976;4783;399360;82322791;42317776
50048;4.8990001678;98150;55407;4611;400384;82553412;42390161
50176;7.6360001564;97963;54713;6553;401408;82784083;42464704
50304;4.8440003395;98509;54819;4605;402432;83014804;42534947
50432;4.8670001030;98999;54852;6364;403456;83245574;42607313
50560;4.9400000572;99470;56086;5318;404480;83476394;42679697
50688;4.9290003777;99059;53821;6742;405504;83707263;42754239
50816;4.8930001259;99407;54653;4816;406528;83938182;42826642
50944;4.8900003433;99787;55145;4666;407552;84169149;42901184
51072;4.9390001297;100582;57516;4966;408576;84400166;42975744
51200;4.9770002365;99427;55458;6103;409600;84631232;43052462
51328;4.9320001602;100861;56227;4543;410624;84862346;43122725
51456;7.3750004768;101249;57992;6223;411648;85093509;43195092
51584;4.9680004120;100877;56176;4600;412672;85324721;43267475
51712;6.5630002022;100967;57718;6662;413696;85555981;43342018
51840;5.0240001678;102098;56751;5112;414720;85787289;43414420
51968;5.6840004921;101887;58339;4594;415744;86018646;43488962
52096;4.9810004234;103074;55949;6063;416768;86250050;43563522
52224;5.6170001030;103283;57798;4946;417792;86481503;43640241
52352;5.0010004044;103032;57463;4868;418816;86713003;43712661
52480;5.0830001831;105833;60043;9798;419840;86944551;43787204
52608;5.1570000648;103895;56898;6683;420864;87176147;43861764
52736;5.0410003662;104055;58977;5255;421888;87407790;43938481
52864;5.1510000229;104593;59329;6391;422912;87639481;44013062
52992;5.0460000038;104914;58757;4949;423936;87871218;44089778
53120;5.0540003777;105412;57806;6450;424960;88103003;44166514
53248;8.2440004349;105030;58546;5456;425984;88334835;44245409
53376;5.1470003128;104828;56310;4454;427008;88566714;44315690
53504;5.0900001526;104926;57007;4848;428032;88798639;44388055
53632;5.3600001335;106661;61659;4923;429056;89030612;44460440
53760;5.1310000420;106012;59484;6882;430080;89262630;44534982
53888;5.1180000305;107111;59233;5094;431104;89494696;44607384
54016;6.9050002098;107953;62062;6136;432128;89726807;44681926
54144;5.1730003357;107554;62516;6972;433152;89958965;44756487
54272;5.1410002708;107757;58297;5072;434176;90191169;44833204
54400;5.1810002327;107340;58973;5207;435200;90423419;44905625
54528;5.2200002670;107437;61089;4956;436224;90655715;44980168
54656;5.8540000916;109451;62074;5176;437248;90888057;45054727
54784;5.2180004120;109343;61372;5499;438272;91120444;45131446
54912;5.1970000267;108110;61989;4939;439296;91352877;45206024
55040;5.1670002937;108829;62866;5123;440320;91585356;45282742
55168;5.1880002022;109477;62027;6641;441344;91817879;45359478
55296;5.2210001945;108200;61282;5029;442368;92050449;45438372
55424;5.2200002670;109982;62775;5258;443392;92283063;45510812
55552;5.2430000305;109009;61333;5146;444416;92515722;45585353
55680;6.5800004005;120912;86884;18555;445440;92748427;45659913
55808;5.2870001793;111772;61628;7191;446464;92981176;45736631
55936;5.3090000153;110368;62491;7180;447488;93213970;45811210
56064;5.2440004349;111535;65472;7125;448512;93446808;45887928
56192;5.2510004044;112836;63361;7452;449536;93679691;45964664
56320;5.2640004158;111089;63936;7197;450560;93912619;46043558
56448;8.6720008850;114118;64555;7023;451584;94145591;46118157
56576;5.3370003700;113773;62446;8573;452608;94378607;46194874
56704;5.3020000458;113254;61364;6635;453632;94611667;46271610
56832;5.2490000725;113108;64255;5488;454656;94844772;46350503
56960;5.3260002136;112872;64541;5528;455680;95077920;46427258
57088;5.9730000496;113744;65032;5614;456704;95311112;46506152
57216;5.3080000877;114834;65325;6051;457728;95544348;46585065
57344;5.3320002556;114324;65978;5198;458752;95777627;46666135
57472;5.4200000763;115050;68344;5547;459776;96010951;46736434
57600;7.5090003014;115766;67295;6936;460800;96244317;46808800
57728;5.3220000267;115193;66146;7404;461824;96477727;46881183
57856;5.3400001526;115831;66636;7510;462848;96711180;46955725
57984;5.4250001907;116704;67997;7094;463872;96944677;47028130
58112;5.3630003929;116743;65145;6936;464896;97178216;47102670
58240;5.3790001869;116949;66963;7516;465920;97411798;47177230
58368;5.4240002632;117313;67363;5906;466944;97645424;47253948
58496;5.4000000954;117285;66976;5992;467968;97879092;47326369
58624;5.6780004501;118454;70891;5746;468992;98112802;47400913
58752;5.4720001221;117980;69067;6103;470016;98346556;47475471
58880;5.4130001068;117864;65141;6908;471040;98580352;47552189
59008;5.4240002632;118175;66354;6891;472064;98814190;47626768
59136;5.5250000954;118858;69628;7868;473088;99048071;47703487
59264;5.4620003700;119215;69679;5958;474112;99281993;47780222
59392;5.4600000381;119573;68389;6919;475136;99515958;47859116
59520;5.5100002289;118576;64950;7602;476160;99749965;47931555
59648;5.5290002823;119863;71406;5971;477184;99984014;48006099
59776;5.4950003624;120343;71605;7182;478208;100218105;48080658
59904;5.5330004692;120939;68720;5622;479232;100452238;48157375
60032;5.5080003738;121355;67170;6896;480256;100686412;48231954
60160;5.5040001869;121179;70408;6593;481280;100920628;48308672
60288;5.5120000839;121710;68904;5843;482304;101154886;48385408
60416;5.6020002365;121945;70165;7261;483328;101389185;48464303
60544;5.5220003128;122158;70922;6085;484352;101623525;48538899
60672;5.5640001297;122918;69307;5949;485376;101857906;48615618
60800;5.5330004692;122460;69816;6147;486400;102092329;48692352
60928;5.5360002518;123182;73053;5881;487424;102326793;48771247
61056;5.5300002098;123199;70886;6296;488448;102561297;48848002
61184;5.5540003777;123336;71676;5999;489472;102795843;48926896
61312;5.6030001640;124455;72741;7464;490496;103030430;49005809
61440;5.5280003548;123664;70333;7903;491520;103265057;49086878
61568;5.5620002747;124788;73015;7953;492544;103499725;49159335
61696;5.5930004120;124530;73214;6193;493568;103734433;49233878
61824;8.6160001755;125420;75237;8033;494592;103969182;49308439
61952;5.6850004196;124786;70660;7986;495616;104203971;49385156
62080;5.6100001335;125572;68095;5659;496640;104438801;49459734
62208;6.0460004807;125910;72693;6718;497664;104673670;49536453
62336;5.7020001411;126842;76096;8168;498688;104908580;49613189
62464;5.6600003242;125156;73020;5853;499712;105143530;49692082
62592;8.8290004730;128111;77376;7506;500736;105378520;49766680
62720;5.6890001297;127443;71516;5439;501760;105613550;49843397
62848;5.6690001488;127945;71761;6771;502784;105848620;49920133
62976;5.6680002213;128565;73198;6739;503808;106083730;49999027
63104;5.8060002327;128280;74965;5971;504832;106318879;50075784
63232;5.7350001335;128702;75879;6915;505856;106554067;50154677
63360;5.8430004120;127518;77800;6314;506880;106789296;50233589
63488;5.7190003395;128248;70917;7871;507904;107024563;50314658
63616;5.7550001144;128725;74490;6064;508928;107259870;50389274
63744;5.7540001869;129222;74687;6571;509952;107495217;50465991
63872;5.8080000877;129720;76369;6076;510976;107730602;50542728
64000;8.5659999847;130818;76995;7704;512000;107966026;50621622
64128;7.3220005035;131277;78586;6492;513024;108201490;50698377
64256;6.0360002518;129863;77333;7930;514048;108436992;50777271
64384;5.8130002022;130747;76086;8297;515072;108672534;50856182
64512;5.7910003662;131418;76328;8774;516096;108908114;50937252
64640;5.7660002708;131453;78367;8200;517120;109143733;51014025
64768;6.9210004807;132921;77115;7752;518144;109379390;51092920
64896;5.8400001526;132769;78084;8430;519168;109615086;51171831
65024;5.8150000572;132793;78288;8432;520192;109850821;51252901
65152;5.8790001869;132766;77414;8398;521216;110086594;51331833
65280;5.8250002861;133445;76895;6837;522240;110322405;51412902
65408;5.8330001831;133446;79880;6745;523264;110558255;51493989
65536;5.8480000496;131949;78973;6537;524288;110794142;51577236
65664;5.9370002747;132585;79639;6980;525312;111030068;51707384
65792;5.9080004692;134733;79689;10060;526336;111266032;51839525
65920;5.9570002556;135282;75912;6600;527360;111502034;51971685
66048;6.0380001068;135428;80269;7787;528384;111738074;52106004
66176;6.0440001488;136194;80933;6651;529408;111974151;52238183
66304;6.0360002518;136267;82255;7059;530432;112210266;52372502
66432;6.0420002937;137049;80110;6512;531456;112446419;52506837
66560;13.8260002136;136874;81049;8637;532480;112682610;52643332
66688;6.1000003815;137142;81743;6778;533504;112918838;52775528
66816;6.1060004234;138286;80224;6611;534528;113155103;52909846
66944;7.3770003319;139109;85170;7855;535552;113391406;53044183
67072;6.1400003433;138522;81154;7265;536576;113627747;53180676
67200;6.2029418945;139440;84744;9008;537600;113864124;53315038
67328;6.1130003929;139077;80852;8679;538624;114100539;53451524
67456;6.1850004196;139127;79510;5985;539648;114336990;53588037
67584;6.1550002098;138248;78631;6070;540672;114573479;53726705
67712;6.1720004082;141232;79521;7164;541696;114810005;53858921
67840;6.2100005150;140745;83359;6921;542720;115046567;53993240
67968;6.2660002708;141352;84182;8970;543744;115283167;54127576
68096;6.2620000839;140100;83801;6996;544768;115519803;54264071
68224;6.2530002594;141983;82065;8802;545792;115756476;54398424
68352;7.6260004044;142221;81180;8877;546816;115993185;54534919
68480;6.2940001488;142764;88596;9249;547840;116229931;54671431
68608;9.3930006027;143453;85248;8340;548864;116466713;54810101
68736;6.4660000801;147408;86618;15910;549888;116703532;54944476
68864;9.3930006027;144052;86729;8874;550912;116940387;55080968
68992;8.0820007324;144546;80435;8357;551936;117177279;55217480
69120;6.4380002022;144328;83614;7136;552960;117414206;55356149
69248;6.3520002365;144731;83864;8615;553984;117651170;55492680
69376;6.3750004768;144985;85261;7974;555008;117888170;55631350
69504;6.4500002861;147407;88701;9510;556032;118125206;55770039
69632;6.4610004425;145878;85529;9360;557056;118362277;55910885
69760;6.4410004616;146414;86754;8995;558080;118599385;56043117
69888;6.5060005188;146706;87926;7874;559104;118836529;56177436
70016;6.5500001907;147111;88635;9225;560128;119073708;56311773
70144;6.5110001564;146748;85266;7492;561152;119310923;56448266
70272;6.5210003853;147390;88391;8559;562176;119548173;56582621
70400;9.5690002441;147664;89524;7547;563200;119785459;56719115
70528;9.0930004120;147936;89877;8320;564224;120022780;56855627
70656;6.5430002213;147579;85650;9147;565248;120260137;56994296
70784;9.7500000000;148712;89667;8521;566272;120497529;57128671
70912;6.5970001221;148351;89484;7385;567296;120734957;57265163
71040;6.6560001373;148544;87658;8956;568320;120972420;57401675
71168;6.6000003815;149087;87192;8793;569344;121209918;57540345
71296;6.6720004082;147766;87689;7396;570368;121447451;57676877
71424;6.6420001984;149575;88753;9253;571392;121685019;57815546
71552;6.6390004158;150035;90775;7947;572416;121922621;57954235
71680;6.6619262695;149968;90345;9607;573440;122160259;58095086
71808;6.6930003166;150206;89024;8999;574464;122397932;58229472
71936;6.6940002441;150295;91643;9258;575488;122635640;58365966
72064;6.6890001297;151287;91203;7881;576512;122873382;58502477
72192;6.7610001564;151614;92547;9493;577536;123111159;58641148
72320;6.7240004539;151586;87654;7663;578560;123348970;58777680
72448;9.8410005569;152741;93260;8136;579584;123586816;58916350
72576;6.7660002708;152510;90716;7891;580608;123824697;59055037
72704;6.7720003128;153550;92182;7522;581632;124062611;59195883
72832;9.7780008316;154056;93991;8738;582656;124300561;59332433
72960;8.1230001450;153432;93313;9400;583680;124538544;59471102
73088;6.8010001183;154132;93374;9102;584704;124776562;59609790
73216;6.7840003967;154636;92610;8191;585728;125014614;59750636
73344;9.9130001068;154800;93680;9134;586752;125252700;59889344
73472;6.8270001411;154463;89821;8947;587776;125490820;60030188
73600;6.7750000954;155610;91664;7744;588800;125728974;60171052
73728;6.8370003700;155450;95066;9054;589824;125967162;60314075
73856;6.8490004539;156766;93339;7844;590848;126205384;60446327
73984;6.8840003014;157014;94211;8039;591872;126443640;60580645
74112;6.8390002251;156763;90860;9055;592896;126681929;60714979
74240;8.0150003433;157539;96218;8774;593920;126920252;60851474
74368;6.9490003586;158067;94393;8410;594944;127158609;60985829
74496;6.9080004692;158156;93230;9611;595968;127397000;61122322
74624;7.0590004921;157435;95010;7039;596992;127635424;61258835
74752;7.0330004692;158507;96133;8544;598016;127873881;61397505
74880;7.0250000954;160686;93198;7813;599040;128112372;61531878
75008;7.0440001488;159699;94602;9797;600064;128350896;61668372
75136;7.0460004807;159399;95419;9740;601088;128589453;61804883
75264;7.0730004311;158696;95485;9767;602112;128828044;61943555
75392;7.0260004997;159521;95193;8764;603136;129066668;62080084
75520;7.1170001030;159804;96027;8242;604160;129305325;62218755
75648;7.1240005493;159979;98546;7771;605184;129544015;62357442
75776;7.1920003891;160833;98135;9258;606208;129782738;62498289
75904;7.2230005264;161042;97833;9674;607232;130021494;62632681
76032;7.1920003891;160855;97103;9953;608256;130260283;62769174
76160;7.1510004997;160852;96046;7928;609280;130499105;62905685
76288;10.3320007324;161935;101423;9214;610304;130737960;63044357
76416;7.2240004539;162404;96715;8266;611328;130976847;63180886
76544;7.2870001793;162506;98417;9125;612352;131215767;63319557
76672;9.8180007935;162821;95533;7763;613376;131454720;63458245
76800;7.2270002365;162946;98798;8368;614400;131693705;63599091
76928;7.4220004082;164762;102587;8173;615424;131932723;63735642
77056;10.4460000992;164184;102545;9307;616448;132171773;63874311
77184;10.3140001297;163503;99487;8665;617472;132410855;64012998
77312;7.4280004501;164384;102928;10616;618496;132649970;64153846
77440;7.3350005150;164458;97686;9574;619520;132889118;64292550
77568;8.7970008850;163793;97923;10019;620544;133128297;64433397
77696;7.4070005417;165340;100793;9244;621568;133367509;64574261
77824;7.3930001259;164317;98845;8359;622592;133606753;64717283
77952;10.5530004501;165784;100833;9401;623616;133846029;64851693
78080;7.4330005646;166090;100703;9431;624640;134085337;64988186
78208;7.4700002670;166858;106386;8364;625664;134324677;65124698
78336;7.4520001411;166710;101270;7999;626688;134564049;65263368
78464;7.5270004272;167496;101766;9468;627712;134803453;65399899
78592;7.4440002441;167720;102621;8212;628736;135042888;65538570
78720;7.4420003891;167917;99830;10256;629760;135282356;65677256
78848;7.6040005684;168614;102851;9833;630784;135521855;65818103
78976;7.5140004158;168568;101740;9184;631808;135761386;65954652
79104;7.7360005379;168237;100530;10184;632832;136000948;66093321
79232;9.0480003357;169934;102972;9686;633856;136240542;66232010
79360;7.7070002556;170343;105567;10371;634880;136480168;66372860
79488;7.4840002060;169888;100863;8273;635904;136719825;66511562
79616;7.5560002327;170611;103315;9084;636928;136959513;66652409
79744;7.6040005684;170694;107681;9058;637952;137199233;66793273
79872;7.6370005608;171086;106219;11012;638976;137438984;66936295
80000;7.6500005722;171945;105076;10193;640000;137678766;67072862
80128;7.6650004387;171606;102760;10314;641024;137918580;67211532
80256;7.7310004234;171198;103422;10640;642048;138158425;67350220
80384;7.6800003052;172290;104395;9378;643072;138398301;67491066
80512;7.6410002708;172942;104964;8955;644096;138638208;67629773
80640;7.6190004349;172850;103837;10313;645120;138878146;67770619
80768;7.7020001411;173680;106352;9120;646144;139118115;67911483
80896;7.7150001526;173703;104777;10210;647168;139358114;68054505
81024;7.7880005836;174125;108200;8908;648192;139598145;68193231
81152;7.6800003052;174260;103600;9667;649216;139838207;68334075
81280;7.7340002060;175118;106711;9891;650240;140078299;68474940
81408;8.4550008774;175503;108516;9701;651264;140318422;68617962
81536;7.7550005913;176019;108740;10246;652288;140558576;68758845
81664;7.7810001373;174880;107036;10107;653312;140798760;68901867
81792;7.8230004311;176561;109107;9286;654336;141038975;69044907
81920;7.7370004654;174227;106033;8743;655360;141279221;69190104
82048;7.8340005875;176240;108449;10539;656384;141519497;69322374
82176;7.8100004196;176610;107131;8381;657408;141759803;69456691
82304;7.8890004158;177487;109881;8957;658432;142000140;69591028
82432;7.9390006065;178168;111036;9089;659456;142240507;69727522
82560;7.9640002251;177380;108970;9084;660480;142480905;69861877
82688;8.0690002441;177793;108634;9899;661504;142721333;69998371
82816;7.9250001907;178687;108968;9328;662528;142961790;70134884
82944;7.9930005074;179283;110831;10280;663552;143202279;70273554
83072;11.3020009995;179336;109557;8880;664576;143442797;70407927
83200;8.0690002441;180404;111030;8882;665600;143683345;70544420
83328;8.1200008392;179986;111937;10274;666624;143923923;70680932
83456;16.8090000153;179618;112996;10716;667648;144164532;70819604
83584;8.1120004654;181142;113653;10859;668672;144405170;70956134
83712;11.1580009460;182241;114163;10143;669696;144645838;71094804
83840;8.1129999161;181867;111308;9529;670720;144886536;71233491
83968;8.1540002823;181772;112199;10786;671744;145127263;71374337
84096;9.6450004578;182271;112437;10265;672768;145368021;71508729
84224;8.1370000839;182890;109775;9116;673792;145608808;71645221
84352;9.7190008163;183797;112294;11193;674816;145849625;71781734
84480;8.2320003510;183904;112304;11297;675840;146090471;71920404
84608;8.2850008011;184219;116674;9295;676864;146331347;72056935
84736;8.5050001144;184706;116477;9906;677888;146572253;72195606
84864;8.2829999924;184331;111293;10845;678912;146813188;72334293
84992;8.2950000763;184480;114218;10235;679936;147054152;72475139
85120;8.3070001602;187779;115835;16540;680960;147295146;72611689
85248;8.4090003967;185101;120395;9766;681984;147536169;72750358
85376;8.4430007935;186071;116577;9992;683008;147777221;72889049
85504;8.3520002365;186046;115866;10606;684032;148018303;73029892
85632;11.3869628906;186603;117757;9790;685056;148259414;73168600
85760;10.3330001831;186752;114916;9434;686080;148500554;73309445
85888;8.4200000763;187384;116305;10775;687104;148741723;73450309
86016;8.3950004578;185554;113259;9689;688128;148982921;73593331
86144;8.4090003967;187018;115517;9194;689152;149224148;73727740
86272;9.9730005264;186197;115800;11047;690176;149465405;73864235
86400;8.4250001907;188060;117210;10375;691200;149706690;74000746
86528;8.4520006180;187777;117760;11738;692224;149948004;74139416
86656;11.6630001068;188176;119799;10706;693248;150189347;74275948
86784;8.5390005112;188173;119017;8875;694272;150430719;74414617
86912;8.5160007477;189235;115659;9784;695296;150672119;74553305
87040;8.4650001526;189127;115912;11279;696320;150913549;74694151
87168;8.5590000153;189577;118421;10053;697344;151155007;74830700
87296;8.5530004501;189798;118007;11008;698368;151396493;74969371
87424;8.6100006104;189379;118592;9565;699392;151638009;75108058
87552;8.5510005951;190717;117943;9689;700416;151879552;75248904
87680;10.1980009079;189552;115712;11287;701440;152121125;75387613
87808;8.5940008163;191331;118773;11353;702464;152362726;75528458
87936;8.6790008545;192009;117649;10094;703488;152604355;75669322
88064;8.6270008087;191978;121277;10351;704512;152846013;75812343
88192;8.6540002823;192078;119330;9976;705536;153087699;75948911
88320;8.8580007553;192376;121606;10973;706560;153329413;76087580
88448;8.6730003357;192053;122367;10190;707584;153571156;76226268
88576;8.7080001831;191833;122214;9556;708608;153812927;76367114
88704;8.6930007935;192189;119885;10143;709632;154054726;76505821
88832;8.7710008621;193311;120214;9803;710656;154296553;76646667
88960;8.7430000305;194096;118950;10062;711680;154538408;76787531
89088;8.7750005722;194163;122556;11471;712704;154780292;76930555
89216;8.8500003815;194782;122412;10868;713728;155022203;77069279
89344;8.7340002060;195077;121624;10844;714752;155264143;77210124
89472;8.7540006638;194633;122648;11009;715776;155506110;77350988
89600;8.7850008011;194680;122836;11310;716800;155748105;77494009
89728;9.0340003967;195713;119464;11299;717824;155990129;77634894
89856;11.9680004120;195545;123387;10969;718848;156232180;77777916
89984;8.8440008163;196019;120379;9727;719872;156474259;77920955
90112;8.8200006485;195700;120926;12042;720896;156716365;78066153
90240;8.8380002975;195024;120042;9750;721920;156958499;78200580
90368;8.8520002365;197507;123040;11731;722944;157200661;78337073
90496;10.3270006180;197496;127202;11822;723968;157442851;78473587
90624;8.9390001297;197085;124659;10920;724992;157685068;78612257
90752;9.0640001297;198225;129169;11613;726016;157927313;78748789
90880;10.2860002518;198414;125748;11666;727040;158169585;78887458
91008;9.0020008087;198317;123839;11208;728064;158411885;79026146
91136;9.0260000229;199479;125048;11315;729088;158654212;79166992
91264;8.9880008698;198629;125236;10468;730112;158896567;79303540
91392;9.0080003738;198957;122695;10591;731136;159138949;79442210
91520;9.0650005341;199236;125829;10856;732160;159381358;79580898
91648;9.0340003967;200373;124120;10885;733184;159623795;79721744
91776;9.0530004501;200080;126808;11949;734208;159866259;79860451
91904;12.2490005493;200583;126837;11368;735232;160108750;80001298
92032;9.0940008163;200799;126911;10116;736256;160351268;80142161
92160;9.1300001144;201208;125581;11839;737280;160593814;80285183
92288;9.1680002213;201310;128320;11941;738304;160836386;80421751
92416;12.2770004272;201862;127079;11424;739328;161078986;80560421
92544;9.1800003052;202465;128553;10514;740352;161321612;80699108
92672;9.1930007935;202209;126840;11619;741376;161564266;80839954
92800;12.3560009003;203603;129708;11666;742400;161806946;80978662
92928;9.2810001373;203725;127398;10375;743424;162049654;81119508
93056;9.1640005112;203645;126289;11917;744448;162292388;81260371
93184;10.5780000687;203453;128683;12024;745472;162535149;81403394
93312;9.3980007172;204088;128519;13149;746496;162777937;81542118
93440;9.3170003891;204245;130276;11007;747520;163020752;81682966
93568;9.2820005417;204864;126830;11027;748544;163263593;81823828
93696;9.3310003281;203583;125977;10762;749568;163506461;81966849
93824;9.3320007324;205428;130278;10850;750592;163749356;82107733
93952;15.5130004883;265525;248429;51835;751616;163992278;82250757
94080;9.3790006638;204430;129366;10921;752640;164235226;82393796
94208;9.3640003204;204699;128436;10818;753664;164478200;82538993
94336;9.3790006638;206369;128430;12109;754688;164721201;82675579
94464;9.4040002823;205844;128237;10603;755712;164964229;82814249
94592;12.5750007629;208123;133436;11586;756736;165207283;82952937
94720;11.7670001984;208063;131551;11499;757760;165450363;83093783
94848;9.4739999771;207039;129197;11181;758784;165693470;83232489
94976;9.5450000763;207203;131096;13130;759808;165936603;83373337
95104;9.4630002975;209064;131381;10924;760832;166179762;83514199
95232;9.4910001755;209033;133631;11931;761856;166422948;83657221
95360;9.5010004044;210145;132096;11442;762880;166666160;83795946
95488;9.5240001678;208803;133088;10819;763904;166909398;83936793
95616;9.5690002441;210390;132360;12526;764928;167152662;84077657
95744;10.6710004807;210022;134750;11598;765952;167395952;84220679
95872;9.6520004272;211186;135431;12815;766976;167639269;84361563
96000;9.6000003815;210655;136944;11479;768000;167882611;84504583
96128;9.6380004883;212122;135668;11478;769024;168125979;84647624
96256;9.6330003738;211707;134656;12600;770048;168369374;84792821
96384;9.7640008926;212119;134644;13042;771072;168612794;84931567
96512;9.7360000610;212603;137379;12033;772096;168856241;85072412
96640;9.6550006866;212957;135548;13135;773120;169099713;85213275
96768;9.6900005341;212612;136511;12392;774144;169343211;85356298
96896;11.1380004883;214275;138152;12439;775168;169586735;85497182
97024;11.2230005264;214011;133927;12452;776192;169830284;85640203
97152;9.6880006790;214424;132546;11251;777216;170073860;85783240
97280;9.6380004883;213649;134871;12097;778240;170317461;85928441
97408;9.7340002060;214631;136167;11204;779264;170561087;86069342
97536;9.7370004654;215209;136265;14071;780288;170804740;86212363
97664;12.2270002365;215672;137190;12115;781312;171048418;86355404
97792;9.7580003738;216018;135977;13057;782336;171292121;86500600
97920;9.8430004120;216466;135992;10930;783360;171535850;86643661
98048;9.7840003967;215828;135681;12244;784384;171779605;86788857
98176;9.9860000610;216682;136359;12628;785408;172023385;86934073
98304;11.2130002975;216713;137729;12744;786432;172267191;87081448
98432;9.8700008392;213906;138181;11562;787456;172511022;87152807
98560;9.8680000305;217535;137317;11254;788480;172754878;87226196
98688;9.8940000534;217042;137477;12158;789504;172998759;87299603
98816;9.8530006409;217129;137032;11377;790528;173242666;87375170
98944;13.4690008163;219119;140338;12840;791552;173486599;87448599
99072;13.0320005417;220105;140094;12556;792576;173730556;87524165
99200;12.9230003357;219439;141487;12984;793600;173974539;87599749
99328;17.2070007324;217941;142402;17392;794624;174218547;87677491
99456;11.3140001297;218842;139415;12719;795648;174462580;87750936
99584;10.0000000000;219692;138766;11357;796672;174706638;87826501
99712;9.9580001831;220761;139185;13406;797696;174950721;87902084
99840;10.5140008926;221756;143732;12780;798720;175194829;87979827
99968;10.0590000153;220556;138521;11721;799744;175438962;88055431
100096;10.0690002441;222183;140950;12273;800768;175683121;88133178
100224;10.3200006485;223991;147760;12919;801792;175927304;88210932
100352;10.0580005646;221530;139600;12026;802816;176171512;88290850
100480;10.0680007935;222134;141372;12607;803840;176415745;88364312
100608;10.1000003815;223621;139805;12227;804864;176660003;88439879
100736;10.0720005035;223291;140131;12481;805888;176904285;88515462
100864;10.1170005798;224224;143067;12574;806912;177148593;88593206
100992;10.1420001984;224679;142501;14177;807936;177392925;88668808
101120;10.1500005722;223917;140635;12289;808960;177637282;88746550
101248;10.1630001068;224666;142764;12533;809984;177881664;88824310
101376;10.2140007019;225152;142575;12540;811008;178126070;88904228
101504;10.3360004425;225358;144244;11867;812032;178370501;88979849
101632;11.1360006332;225673;143877;12970;813056;178614956;89057591
101760;10.2380008698;225051;142137;13045;814080;178859436;89135350
101888;11.4880008698;226749;143494;12135;815104;179103941;89215269
102016;10.2880001068;231762;148646;21310;816128;179348470;89293049
102144;10.2350006104;226917;142742;12358;817152;179593024;89372966
102272;10.2910003662;227803;145763;12654;818176;179837602;89452902
102400;10.3659667969;226742;142813;11963;819200;180082205;89535001
102528;10.2620000839;227749;143582;13771;820224;180326832;89608478
102656;10.2830009460;228880;145660;13981;821248;180571483;89684043
102784;10.3240003586;227759;145478;12199;822272;180816158;89759627
102912;13.4320011139;229020;144874;12785;823296;181060858;89837369
103040;10.2700004578;228743;144278;13272;824320;181305583;89912971
103168;10.3120002747;229928;144220;12281;825344;181550331;89990714
103296;13.4430007935;230642;146371;13186;826368;181795104;90068475
103424;10.3350000381;230555;144829;12666;827392;182039900;90148393
103552;13.5030002594;230787;146018;13057;828416;182284721;90224014
103680;10.3650007248;230812;144019;13265;829440;182529567;90301755
103808;10.3510007858;230777;146856;12857;830464;182774436;90379514
103936;10.4740009308;229487;145215;11503;831488;183019329;90459433
104064;10.4090003967;232628;149215;13322;832512;183264246;90537213
104192;13.3910007477;232691;150434;14187;833536;183509187;90617131
104320;13.5240001678;232874;150403;14354;834560;183754153;90697066
104448;13.5140008926;234100;150467;17039;835584;183999142;90779160
104576;10.4630002975;233769;148107;12108;836608;184244155;90854798
104704;11.9550008774;233846;150906;13197;837632;184489192;90932541
104832;13.5660009384;233907;146713;12689;838656;184734253;91010302
104960;10.4010000229;233948;148812;13584;839680;184979337;91090218
105088;10.7450008392;235208;150725;15692;840704;185224446;91167998
105216;12.7750005722;235628;149859;12345;841728;185469578;91247916
105344;10.4810009003;235193;150673;13620;842752;185714734;91327853
105472;10.4050006866;235279;149852;13589;843776;185959914;91409946
105600;11.8220005035;236054;147288;13519;844800;186205117;91487743
105728;10.5380001068;236221;151475;14997;845824;186450344;91567661
105856;10.4750003815;235004;149524;13238;846848;186695594;91647596
105984;10.6020002365;236526;149193;14734;847872;186940869;91729691
106112;10.5170001984;234447;149058;13845;848896;187186166;91809645
106240;10.5600004196;235488;149100;13170;849920;187431488;91891740
106368;10.5130004883;237820;150187;13106;850944;187676832;91973851
106496;10.5950002670;236623;153569;13731;851968;187922201;92058122
106624;11.9690008163;239518;149599;13652;852992;188167592;92131621
106752;10.5389404297;238967;148724;12775;854016;188413008;92207186
106880;10.7000007629;239636;150765;14016;855040;188658446;92282771
107008;10.5460004807;239633;150589;12278;856064;188903908;92360512
107136;10.6850004196;240462;156675;15734;857088;189149393;92436116
107264;13.5520009995;240481;155272;14179;858112;189394902;92513860
107392;10.6300001144;237787;151848;12790;859136;189640434;92591618
107520;10.6030006409;240787;152336;12958;860160;189885989;92671535
107648;10.6490001678;241645;151262;13548;861184;190131567;92747156
107776;12.0540008545;238831;154703;13850;862208;190377169;92824899
107904;13.7350006104;243194;157346;14079;863232;190622793;92902660
108032;10.6920003891;239198;153975;12499;864256;190868441;92982577
108160;10.6150007248;241398;154206;12875;865280;191114112;93060355
108288;10.7300004959;240152;153660;12536;866304;191359806;93140274
108416;10.6140003204;242936;155709;13552;867328;191605524;93220211
108544;10.6880006790;240006;154007;13239;868352;191851264;93302302
108672;10.7110004425;245319;156289;14333;869376;192097027;93377943
108800;10.6940002441;243778;155902;14545;870400;192342813;93455685
108928;10.6310005188;245294;155904;14049;871424;192588622;93533444
109056;10.8150005341;242488;154547;13568;872448;192834454;93613362
109184;10.6790008545;247853;156268;12903;873472;193080309;93691140
109312;10.6630001068;244067;156372;13966;874496;193326187;93771059
109440;10.7840003967;247453;159410;15038;875520;193572088;93850996
109568;10.7290000916;245724;157880;15506;876544;193818011;93933091
109696;10.6870002747;246069;156595;13010;877568;194063957;94010886
109824;10.7680006027;243847;157014;13010;878592;194309926;94090805
109952;10.7810001373;245761;158847;12705;879616;194555918;94170741
110080;10.8880004883;245496;157920;14292;880640;194801933;94252836
110208;10.7580003738;247505;157553;12968;881664;195047970;94332790
110336;10.7500009537;247094;155592;13010;882688;195294030;94414885
110464;10.8130006790;246318;155579;12704;883712;195540112;94496996
110592;10.8620004654;247662;159215;15211;884736;195786217;94581266
110720;10.8180007935;246871;154638;13076;885760;196032345;94656922
110848;10.8300008774;246603;155886;13029;886784;196278495;94734666
110976;14.2920007706;250126;159691;14453;887808;196524668;94812426
111104;10.8190002441;248214;159558;14156;888832;196770863;94892343
111232;10.8080005646;249331;156221;14452;889856;197017081;94970121
111360;10.8490009308;249978;159762;15317;890880;197263321;95050040
111488;10.9760007858;251983;161778;16323;891904;197509584;95129977
111616;10.8570003510;250802;157007;13609;892928;197755869;95212071
111744;10.8160009384;252454;159130;14311;893952;198002177;95289866
111872;10.8460006714;252045;158946;13746;894976;198248506;95369784
112000;10.8820009232;251316;158005;14468;896000;198494858;95449720
112128;14.0780010223;253315;166030;19022;897024;198741233;95531819
112256;12.8450002670;253471;164117;14187;898048;198987629;95611770
112384;10.8750009537;250684;156726;14402;899072;199234048;95693863
112512;10.9050006866;254002;160706;14796;900096;199480490;95775977
112640;10.9780006409;253252;161761;14236;901120;199726953;95860245
112768;10.8500003815;254145;160171;14041;902144;199973438;95938060
112896;10.8850002289;254522;159349;14394;903168;200219946;96017979
113024;10.8950004578;255209;163212;14926;904192;200466476;96097914
113152;11.2700004578;255629;160755;14565;905216;200713028;96180009
113280;21.6460018158;256552;165548;14043;906240;200959602;96259966
113408;10.9650001526;255852;165286;15299;907264;201206198;96342058
113536;10.9390001297;255673;164310;14708;908288;201452816;96424171
113664;10.9230003357;253728;161625;13521;909312;201699456;96508439
113792;14.0750007629;257028;164856;15173;910336;201946118;96588416
113920;10.9740009308;256939;167848;16463;911360;202192802;96670507
114048;10.9410009384;256727;164810;15237;912384;202439507;96752619
114176;10.9560003281;256856;164793;14787;913408;202686235;96836889
114304;11.0320005417;258430;165299;13587;914432;202932985;96919020
114432;10.9440002441;257581;163613;14701;915456;203179756;97003290
114560;11.0380001068;259350;169409;15771;916480;203426550;97087578
114688;11.0140008926;256329;163925;16026;917504;203673365;97174024
114816;11.1300001144;257763;165612;14387;918528;203920202;97247541
114944;14.0430002213;259680;166659;14799;919552;204167060;97323107
115072;11.0620002747;259205;163551;14579;920576;204413941;97398691
115200;11.0990009308;259614;165052;14414;921600;204660843;97476434
115328;11.0970001221;260522;167625;15639;922624;204907767;97552036
115456;11.1030006409;259823;168943;15129;923648;205154712;97629777
115584;11.0800008774;260342;169800;15621;924672;205401679;97707537
115712;11.0810003281;260927;166934;15802;925696;205648668;97787455
115840;11.1000003815;260695;167601;17075;926720;205895678;97863077
115968;11.1200008392;261439;166059;14933;927744;206142710;97940819
116096;11.1450004578;261541;167055;15963;928768;206389763;98018579
116224;11.1870002747;262927;169166;14381;929792;206636838;98098497
116352;11.1170005798;263004;166561;13747;930816;206883934;98176276
116480;11.2840003967;263584;175042;15658;931840;207131052;98256194
116608;11.2220001221;261438;164088;14028;932864;207378191;98336130
116736;12.9420003891;264400;169802;14492;933888;207625352;98418224
116864;11.1960000992;264937;170878;15362;934912;207872534;98493862
116992;11.2590007782;264197;171954;16288;935936;208119737;98571605
117120;11.2990007401;263006;167821;13776;936960;208366962;98649365
117248;13.8170003891;265399;171647;14797;937984;208614208;98729284
117376;11.2420005798;264643;172819;14893;939008;208861476;98807063
117504;11.3010005951;265676;172874;15441;940032;209108764;98886979
117632;11.2750005722;266387;174311;16020;941056;209356074;98966915
117760;11.4130001068;269944;174668;21715;942080;209603405;99049010
117888;11.2880001068;268760;175498;20600;943104;209850758;99126807
118016;14.4670009613;267615;177106;16919;944128;210098131;99206727
118144;12.2570009232;268643;175675;17083;945152;210345526;99286660
118272;12.3800001144;267196;173712;16468;946176;210592942;99368755
118400;11.3470001221;269101;173009;16303;947200;210840379;99448710
118528;11.2850008011;268160;170723;14479;948224;211087837;99530803
118656;14.5120010376;270083;178164;18347;949248;211335316;99612917
118784;11.3530006409;269357;170635;16250;950272;211582816;99697186
118912;11.3710002899;269548;173713;15121;951296;211830338;99772843
119040;11.4030008316;270403;175919;17359;952320;212077880;99850585
119168;11.4550008774;270667;169607;15583;953344;212325443;99928345
119296;11.3770008087;270992;176298;17088;954368;212573027;100008263
119424;11.4000005722;269226;172422;14116;955392;212820632;100086041
119552;11.4170007706;272146;175532;16150;956416;213068258;100165960
119680;11.3990001678;271553;175897;16401;957440;213315905;100245896
119808;11.3940010071;272066;171529;14904;958464;213563573;100327990
119936;14.5890007019;272845;180425;16955;959488;213811261;100405789
120064;11.4120006561;272083;172150;15175;960512;214058971;100485705
120192;14.5360002518;273905;179558;16517;961536;214306701;100565642
120320;14.5510005951;274292;175591;18671;962560;214554452;100647736
120448;11.4460000992;273529;173697;15808;963584;214802224;100727690
120576;11.4540004730;274369;172429;16582;964608;215050016;100809784
120704;11.4720001221;274853;180998;17516;965632;215297830;100891896
120832;11.5310001373;274893;174045;16113;966656;215545664;100976167
120960;11.5530004501;275622;176567;16299;967680;215793518;101053980
121088;11.6990003586;275138;178168;18801;968704;216041393;101133899
121216;11.4980001450;275811;177209;15891;969728;216289289;101213835
121344;11.5130004883;274444;170659;15627;970752;216537206;101295929
121472;12.8700008392;276724;179581;16100;971776;216785143;101375883
121600;11.5350008011;276422;180432;16372;972800;217033100;101457979
121728;11.5740003586;275226;177579;15973;973824;217281079;101540089
121856;11.6450004578;276454;178590;17003;974848;217529077;101624360
121984;11.7830009460;277622;177635;15626;975872;217777096;101704333
122112;11.5790004730;278188;178999;17024;976896;218025136;101786428
122240;11.6309814453;277397;182330;16165;977920;218273196;101868540
122368;14.8000011444;279700;182892;18507;978944;218521277;101952810
122496;11.5870008469;276876;175312;14881;979968;218769377;102034940
122624;11.5200004578;278846;181084;17392;980992;219017499;102119210
122752;11.5920009613;276964;177888;15971;982016;219265640;102203498
122880;11.5740003586;279421;182285;18583;983040;219513803;102289944
123008;14.7770004272;280748;184593;16125;984064;219761985;102365619
123136;11.6200008392;280699;181874;15730;985088;220010188;102443361
123264;11.6230001450;281114;175057;15784;986112;220258410;102521121
123392;13.0830001831;279796;183167;16249;987136;220506654;102601039
123520;11.6490001678;281932;180654;15394;988160;220754917;102678818
123648;11.7870006561;281139;183631;17086;989184;221003201;102758737
123776;11.6840009689;282696;181623;18016;990208;221251505;102838673
123904;11.7290000916;283702;182962;16745;991232;221499829;102920767
124032;11.8160009384;283369;185249;16063;992256;221748173;102998563
124160;11.6350002289;283921;179963;15234;993280;221996537;103078481
124288;11.7580003738;281871;183371;16792;994304;222244922;103158417
124416;13.1720008850;284668;184528;16007;995328;222493326;103240512
124544;11.7460002899;284260;181736;17647;996352;222741751;103320467
124672;11.7760009766;285471;181533;15296;997376;222990195;103402560
124800;11.7580003738;285096;185016;15877;998400;223238660;103484673
124928;11.7120008469;285551;183788;15400;999424;223487145;103568941
125056;11.8150005341;286477;183470;16019;1000448;223735650;103646757
125184;11.8100004196;286877;187204;16732;1001472;223984174;103726675
125312;11.7170009613;287315;181827;16090;1002496;224232719;103806611
125440;11.8870010376;285402;185330;16783;1003520;224481283;103888706
125568;11.7780008316;288152;187015;16933;1004544;224729868;103968660
125696;11.8090009689;287038;182917;15747;1005568;224978472;104050754
125824;11.9150009155;286458;183759;15860;1006592;225227097;104132866
125952;12.7720003128;295440;195932;23854;1007616;225475741;104217137
126080;13.3250007629;289719;186619;16182;1008640;225724404;104297110
126208;11.9330005646;287271;186544;16813;1009664;225973088;104379204
126336;12.0350008011;289239;186817;16371;1010688;226221792;104461316
126464;13.9120006561;290268;191902;17465;1011712;226470515;104545586
126592;11.9240007401;288681;187963;16530;1012736;226719258;104627717
126720;11.9600009918;290467;191401;17066;1013760;226968021;104711986
126848;11.8540000916;290700;186869;16565;1014784;227216803;104796273
126976;12.0320005417;287187;185774;18014;1015808;227465605;104882726
127104;11.9260005951;291295;189596;18432;1016832;227714427;104960553
127232;11.9570007324;292347;186135;16474;1017856;227963269;105040471
127360;12.0890007019;291290;186686;16900;1018880;228212130;105120408
127488;12.0230007172;289274;183255;16507;1019904;228461010;105202501
127616;12.0860004425;293181;185801;16452;1020928;228709911;105282457
127744;12.1610002518;293430;194481;17764;1021952;228958831;105364550
127872;12.0630006790;292723;190523;19368;1022976;229207770;105446663
128000;12.0610008240;291994;186480;17004;1024000;229456729;105530935
