array_size;time_spent(s);PAPI_L1_TCM;PAPI_L2_TCM;PAPI_L3_TCM;DATA_BYTES;NUM_INSTRUCTIONS;PAPI_TOT_INS
2048;0.1780000031;496;574;369;16384;1468006400;779146
2176;0.1830000132;525;627;123;17408;1657241600;820309
2304;0.2020000070;515;557;308;18432;1857945600;892466
2432;0.2070000172;529;571;321;19456;2070118400;918713
2560;0.2140000165;562;643;315;20480;2293760000;958068
2688;0.2350000143;581;643;224;21504;2528870400;1050256
2816;0.3190000057;999;1160;288;22528;2775449600;1181229
2944;0.3150000274;616;627;369;23552;3033497600;1150234
3072;0.2660000026;680;740;375;24576;3303014400;1193589
3200;0.2830000222;643;682;400;25600;3584000000;1262167
3328;0.3630000055;1537;1366;471;26624;3876454400;1296889
3456;0.3050000072;709;708;261;27648;4180377600;1363125
3584;0.3200000226;725;733;274;28672;4495769600;1431479
3712;0.3250000179;772;809;313;29696;4822630400;1461311
3840;0.3710000217;798;852;256;30720;5160960000;1672166
3968;0.3600000143;843;828;273;31744;5510758400;1624846
4096;0.3520000279;807;806;312;32768;5872025600;1580611
4224;0.3730000257;885;854;534;33792;6244761600;1667185
4352;0.4360000193;1544;1529;742;34816;6628966400;1714431
4480;0.5320000052;1511;1187;593;35840;7024640000;1832987
4608;0.4130000174;1249;866;542;36864;7431782400;1861444
4736;0.4230000079;1059;950;612;37888;7850393600;1904033
4864;0.4290000200;1385;990;611;38912;8280473600;1924168
4992;1.1830000877;1153;982;644;39936;8722022400;1974111
5120;0.7720000148;1328;968;578;40960;9175040000;2071555
5248;0.4680000246;1323;1034;668;41984;9639526400;2110278
5376;0.5730000138;1341;1075;699;43008;10115481600;2144711
5504;0.4900000095;1513;1030;651;44032;10602905600;2200765
5632;0.5060000420;1385;1022;661;45056;11101798400;2283626
5760;0.5090000033;1464;1116;807;46080;11612160000;2300205
5888;0.5279999971;1931;1120;685;47104;12133990400;2389214
6016;0.5560000539;1614;1099;755;48128;12667289600;2518852
6144;0.6270000339;2308;1482;795;49152;13212057600;2545022
6272;0.5810000300;2369;1175;818;50176;13768294400;2625359
6400;0.5830000043;1932;1150;812;51200;14336000000;2643721
6528;0.5810000300;2046;1192;810;52224;14915174400;2616699
6656;0.6080000401;2123;1188;853;53248;15505817600;2737653
6784;0.6170000434;2467;1222;854;54272;16107929600;2778348
6912;0.6280000210;2260;1242;802;55296;16721510400;2842412
7040;0.6410000324;1956;1244;469;56320;17346560000;2898194
7168;0.6590000391;2076;1288;868;57344;17983078400;2980224
7296;0.6600000262;2277;1258;913;58368;18631065600;2979764
7424;0.6780000329;2668;1282;606;59392;19290521600;3061805
7552;0.7070000172;3316;1313;915;60416;19961446400;3207829
7680;0.7110000253;2597;1428;919;61440;20643840000;3217930
7808;0.7230000496;3210;1371;363;62464;21337702400;3274047
7936;0.7120000124;2626;1424;1028;63488;22043033600;3215947
8064;0.7650000453;4443;1510;1061;64512;22759833600;3477131
8192;0.8810000420;3686;1808;985;65536;23488102400;3619036
8320;0.7890000343;3963;1452;1085;66560;24227840000;3580192
8448;0.8490000367;3532;1972;402;67584;24979046400;3599212
8576;0.9860000610;3147;1446;996;68608;25741721600;3617532
8704;0.8100000620;2956;1567;1067;69632;26515865600;3673198
8832;0.8450000286;3817;1478;1150;70656;27301478400;3729600
8960;0.8420000672;3331;1883;1063;71680;28098560000;3667882
9088;0.8560000658;3689;1458;1048;72704;28907110400;3893788
9216;0.8760000467;3821;1703;1012;73728;29727129600;3843066
9344;0.8790000677;4213;1661;1159;74752;30558617600;3976677
9472;0.9250000715;3888;2639;1274;75776;31401574400;3930704
9600;0.8600000143;3492;1620;1202;76800;32256000000;3888449
9728;0.9600000381;5196;1823;1201;77824;33121894400;4212972
9856;0.9190000296;3772;1671;658;78848;33999257600;4169379
9984;0.9770000577;4522;1897;1217;79872;34888089600;4164576
10112;0.9390000701;3916;1683;1174;80896;35788390400;4273711
10240;0.9400000572;3980;1654;1140;81920;36700160000;4261897
10368;0.9630000591;4274;1641;663;82944;37623398400;4381803
10496;1.0140000582;5248;2073;1235;83968;38558105600;4448513
10624;1.0010000467;4103;1757;1248;84992;39504281600;4553681
10752;3.5820002556;7167;2217;1540;86016;40461926400;4773812
10880;0.9980000257;4521;1743;633;87040;41431040000;4538463
11008;1.0140000582;4115;1783;646;88064;42411622400;4585533
11136;1.0360000134;4912;1819;731;89088;43403673600;4706994
11264;1.0920000076;4957;1839;796;90112;44407193600;4988671
11392;1.1190000772;5453;2268;1514;91136;45422182400;4932315
11520;1.0680000782;4578;1945;1360;92160;46448640000;4850988
11648;1.1290000677;6801;1812;716;93184;47486566400;5145888
11776;1.1870000362;6339;2781;678;94208;48535961600;5094133
11904;1.1200000048;5208;1828;851;95232;49596825600;5076400
12032;1.1100000143;5103;1905;747;96256;50669158400;5051237
12160;1.2270001173;8442;1961;1432;97280;51752960000;5607221
12288;1.1400001049;4834;1973;1432;98304;52848230400;5170895
12416;1.1529999971;5529;1928;1450;99328;53954969600;5228167
12544;1.2240000963;7491;2272;656;100352;55073177600;5440914
12672;1.1880000830;6322;1995;596;101376;56202854400;5411579
12800;1.2190001011;5384;2006;1071;102400;57344000000;5536425
12928;1.2690000534;6433;3239;1244;103424;58496614400;5528688
13056;1.2440000772;6926;2050;785;104448;59660697600;5676056
13184;1.2820000648;7837;2051;872;105472;60836249600;5853530
13312;1.3590000868;7742;3010;985;106496;62023270400;5825373
13440;1.2890000343;5918;2550;951;107520;63221760000;5719250
13568;1.2880001068;6887;2157;1846;108544;64431718400;5873797
13696;1.3430000544;8086;2237;1879;109568;65653145600;6130644
13824;1.3730000257;7881;2779;570;110592;66886041600;6011324
13952;1.3350000381;7555;2161;958;111616;68130406400;6074092
14080;1.3470001221;6618;2247;1729;112640;69386240000;6136563
14208;1.3730000257;8034;2203;1026;113664;70653542400;6275121
14336;1.3930000067;7836;3283;964;114688;71932313600;6207478
14464;1.4370000362;9519;2262;1091;115712;73222553600;6557004
14592;1.3880000114;6206;2451;1857;116736;74524262400;6316889
14720;1.4230000973;7141;3022;753;117760;75837440000;6343817
14848;1.4820001125;8592;3165;983;118784;77162086400;6497729
14976;1.4090000391;6552;2376;1789;119808;78498201600;6415889
15104;1.4410001040;7911;2438;1602;120832;79845785600;6584228
15232;1.5010000467;7381;4353;1374;121856;81204838400;6462403
15360;1.5030000210;8094;2787;1196;122880;82575360000;6710367
15488;1.5530000925;11910;2642;1896;123904;83957350400;7103949
15616;1.5190000534;10257;2454;1789;124928;85350809600;6934453
15744;1.4730000496;7606;2553;1824;125952;86755737600;6705776
15872;1.5320000648;7209;2586;1877;126976;88172134400;7009884
16000;1.4870001078;7629;2621;1985;128000;89600000000;6766795
16128;1.5600000620;9651;2678;1875;129024;91039334400;7133915
16256;1.6340000629;9844;4249;1970;130048;92490137600;7200739
16384;1.6540000439;9565;4326;1986;131072;93952409600;7152646
16512;1.6480001211;9408;3840;1970;132096;95426150400;7230278
16640;2.0800001621;10274;2519;1912;133120;96911360000;7385021
16768;1.7020000219;9526;3994;1913;134144;98408038400;7535753
16896;1.7520000935;10747;4918;2195;135168;99916185600;7572622
17024;1.6740000248;8191;4141;2103;136192;101435801600;7440461
17152;1.6560001373;9364;3459;2048;137216;102966886400;7400819
17280;1.7010000944;10183;2532;952;138240;104509440000;7790817
17408;1.7160000801;10279;2645;1167;139264;106063462400;7844143
17536;1.6810001135;10846;2810;2056;140288;107628953600;7652304
17664;1.6780000925;9030;2690;1960;141312;109205913600;7661949
17792;1.7320001125;9682;2739;2047;142336;110794342400;7900180
17920;1.8340001106;10635;5117;2231;143360;112394240000;7995737
18048;1.8120000362;10513;3288;2232;144384;114005606400;7984844
18176;1.7590000629;9141;3440;2237;145408;115628441600;7748831
18304;1.8100000620;11453;4471;2152;146432;117262745600;8111009
18432;1.8330000639;10643;3673;2372;147456;118908518400;8100978
18560;1.7490000725;9850;3049;2208;148480;120565760000;7994805
18688;1.8900001049;13253;3148;2262;149504;122234470400;8670748
18816;1.8520001173;11351;3702;2353;150528;123914649600;8305067
18944;1.8250000477;9624;3138;2172;151552;125606297600;8165179
19072;1.8760000467;10144;3825;2620;152576;127309414400;8388093
19200;1.9850001335;12936;4887;2608;153600;129024000000;8661290
19328;1.9650001526;10059;4982;2413;154624;130750054400;8480583
19456;3.1660001278;10986;3010;2225;155648;132487577600;8567791
19584;1.9300000668;13071;3599;2336;156672;134236569600;8655233
19712;1.9380000830;10411;4248;2409;157696;135997030400;8548984
19840;1.9800001383;13091;5201;2424;158720;137768960000;8887819
19968;2.2050001621;13026;7284;2657;159744;139552358400;8899902
20096;2.0559999943;13055;4897;2608;160768;141347225600;9187639
20224;1.9320000410;10859;3181;2470;161792;143153561600;8787004
20352;2.0190000534;12865;3292;2523;162816;144971366400;9243182
20480;1.9990000725;11632;3087;1274;163840;146800640000;9126103
20608;2.0390000343;12248;3063;1223;164864;148641382400;9326214
20736;2.1610000134;15629;4188;2486;165888;150493593600;9545782
20864;1.9680000544;10636;3425;2555;166912;152357273600;9000609
20992;2.0280001163;10710;3653;2378;167936;154232422400;8987943
21120;2.0690000057;13699;3281;2461;168960;156119040000;9463647
21248;2.0480000973;12534;3449;2585;169984;158017126400;9356695
21376;2.1520001888;14068;4640;2476;171008;159926681600;9586304
21504;5.0720000267;14232;6318;2748;172032;161847705600;9620546
21632;2.2240002155;16929;5180;2533;173056;163780198400;9957669
21760;2.1400001049;12586;5216;2634;174080;165724160000;9584748
21888;2.1620001793;14038;4016;2674;175104;167679590400;9890776
22016;2.1370000839;13173;3639;2735;176128;169646489600;9784445
22144;2.2150001526;16382;3608;2550;177152;171624857600;10139713
22272;2.2510001659;16344;3726;2687;178176;173614694400;10341318
22400;2.2150001526;13630;5084;2754;179200;175616000000;9904156
22528;2.2750000954;14805;6062;2919;180224;177628774400;10187811
22656;2.1530001163;11342;4009;2671;181248;179653017600;9841921
22784;2.2320001125;12327;3941;2766;182272;181688729600;10207851
22912;2.2280001640;13650;3642;2761;183296;183735910400;10191693
23040;2.2770001888;13676;4721;2803;184320;185794560000;10270952
23168;2.2720000744;13704;5894;2797;185344;187864678400;10160850
23296;2.2720000744;14663;3877;2952;186368;189946265600;10334002
23424;2.3140001297;13006;3579;1656;187392;192039321600;10604682
23552;3.6240000725;14062;4511;2975;188416;194143846400;10439617
23680;2.2980000973;14294;3968;2874;189440;196259840000;10504141
23808;2.3790001869;15818;4923;2951;190464;198387302400;10648003
23936;2.4150002003;16767;6348;2886;191488;200526233600;10811917
24064;3.1710002422;14526;5282;3209;192512;202676633600;10694840
24192;2.3830001354;14665;6759;3028;193536;204838502400;10766468
24320;2.4460000992;16565;4283;2896;194560;207011840000;11205177
24448;2.3480000496;13684;3625;1353;195584;209196646400;10689733
24576;2.4830000401;17209;5127;1534;196608;211392921600;11220766
24704;2.4340000153;14173;6398;1805;197632;213600665600;10878134
24832;2.3840000629;14797;4018;1573;198656;215819878400;10899141
24960;2.4290001392;15047;4122;1744;199680;218050560000;10991307
25088;2.5420000553;15874;5745;1639;200704;220292710400;11283863
25216;2.4390001297;14577;4076;1678;201728;222546329600;11150807
25344;2.4800000191;15056;4238;1659;202752;224811417600;11356628
25472;2.5480000973;16124;5449;1558;203776;227087974400;11530447
25600;2.6230001450;19496;5417;1890;204800;229376000000;11889455
25728;2.5560002327;18822;3904;1668;205824;231675494400;11715300
25856;2.6960000992;21566;7361;2114;206848;233986457600;12142872
25984;3.4430000782;17071;6914;3459;207872;236308889600;11606249
26112;2.6189575195;19194;3979;1371;208896;238642790400;11986923
26240;2.7040002346;17355;6137;3285;209920;240988160000;12059471
26368;2.5580000877;16338;4565;3266;210944;243344998400;11717815
26496;2.6210000515;15536;5862;1868;211968;245713305600;11792825
26624;2.6790001392;18712;6314;1773;212992;248093081600;12120742
26752;2.6860001087;19021;4456;2064;214016;250484326400;12313438
26880;2.6850001812;17971;6067;3136;215040;252887040000;12084637
27008;2.7150001526;16893;6726;3307;216064;255301222400;12251682
27136;2.7680001259;20951;4843;3002;217088;257726873600;12699052
27264;2.7770001888;19716;7943;3312;218112;260163993600;12389319
27392;2.6960000992;17245;7148;2215;219136;262612582400;12175631
27520;2.7880001068;22051;5306;1767;220160;265072640000;12770480
27648;2.6990001202;16273;5784;2091;221184;267544166400;12200276
27776;2.9020001888;23091;7647;3291;222208;270027161600;13082167
27904;2.7810001373;18801;4573;3265;223232;272521625600;12709074
28032;3.4450001717;32790;19474;4247;224256;275027558400;12775184
28160;3.8750002384;22116;6883;3719;225280;277544960000;13107010
28288;2.8400001526;20005;7268;2238;226304;280073830400;13016372
28416;2.8310000896;18954;6162;3574;227328;282614169600;12803149
28544;2.9020001888;21632;6154;3523;228352;285165977600;13299138
28672;3.0250000954;23957;8168;3822;229376;287729254400;13466709
28800;2.9980001450;22183;5682;3442;230400;290304000000;13513054
28928;2.9490001202;19147;6520;3813;231424;292890214400;13164930
29056;2.9250001907;21042;6256;3459;232448;295487897600;13423640
29184;2.9610002041;18848;7613;2109;233472;298097049600;13394254
29312;2.9130001068;20385;6397;1818;234496;300717670400;13353768
29440;2.9290001392;18485;7543;3689;235520;303349760000;13012679
29568;2.9700000286;21692;6606;2699;236544;305993318400;13574994
29696;3.0720000267;22847;8649;3666;237568;308648345600;13820368
29824;2.9850001335;19453;5611;1867;238592;311314841600;13532078
29952;2.9700000286;20667;5823;2689;239616;313992806400;13445819
30080;3.1980001926;24998;8267;2182;240640;316682240000;14214491
30208;3.1070001125;25589;6521;3050;241664;319383142400;14274723
30336;3.1090002060;21556;6481;3596;242688;322095513600;13842917
30464;3.2490000725;29733;8918;3761;243712;324819353600;14947432
30592;3.1030001640;19500;7586;3861;244736;327554662400;13694843
30720;4.5680003166;21900;7369;3520;245760;330301440000;14210937
30848;3.0350000858;17950;6374;2067;246784;333059686400;13626749
30976;3.1660001278;24238;9344;2402;247808;335829401600;14389757
31104;3.0820002556;20618;6223;3889;248832;338610585600;13898973
31232;3.0690002441;18074;6088;3466;249856;341403238400;13909027
31360;3.1710002422;21494;7936;3976;250880;344207360000;14326723
31488;3.1110000610;22006;7251;3752;251904;347022950400;14080700
31616;3.1900000572;23772;6125;3703;252928;349850009600;14570365
31744;3.2870001793;25141;8554;3866;253952;352688537600;14839596
31872;3.2140002251;22807;6924;3643;254976;355538534400;14572311
32000;3.2420001030;23426;6212;3768;256000;358400000000;14723039
32128;3.2000000477;22500;9528;4011;257024;361272934400;14465075
32256;3.2640001774;23943;7736;3923;258048;364157337600;14837974
32384;3.2330000401;23156;8497;3988;259072;367053209600;14683601
32512;3.4260001183;28533;10484;4280;260096;369960550400;15484522
32640;3.4040000439;26519;9711;2008;261120;372879360000;15398148
32768;3.3110001087;22517;7780;2590;262144;375809638400;14958685
32896;3.2760002613;21807;7142;2377;263168;378751385600;14747707
33024;3.4070000648;25234;9962;2453;264192;381704601600;15460017
33152;3.4020001888;23461;9535;2392;265216;384669286400;15216956
33280;3.4140002728;23435;6854;4116;266240;387645440000;15404578
33408;3.4500000477;24001;11530;4387;267264;390633062400;15309693
33536;3.5010001659;29098;10299;3872;268288;393632153600;15918283
33664;3.3720002174;23630;8121;3921;269312;396642713600;15316532
33792;3.5630002022;23942;8755;4248;270336;399664742400;15469146
33920;3.3650002480;21464;8686;4232;271360;402698240000;15172780
34048;3.6660001278;24554;9399;1848;272384;405743206400;15685721
34176;3.4580001831;24676;8320;4267;273408;408799641600;15653098
34304;5.5540003777;22073;6563;3894;274432;411867545600;15262394
34432;3.4050002098;23634;9675;2545;275456;414946918400;15459589
34560;3.5690002441;27602;9462;3522;276480;418037760000;16245056
34688;3.5360002518;26253;7548;2612;277504;421140070400;16035871
34816;3.4850001335;23733;7994;2324;278528;424253849600;15853385
34944;3.5540001392;23526;7188;2190;279552;427379097600;15943297
35072;3.4970002174;22526;8932;2265;280576;430515814400;15737583
35200;3.6950001717;28708;9099;2449;281600;433664000000;16572918
35328;3.5380001068;22869;7656;2196;282624;436823654400;16008949
35456;3.5920002460;26088;7307;2878;283648;439994777600;16273960
35584;3.5620002747;24744;7250;2566;284672;443177369600;16335401
35712;3.7820000648;30534;10838;4494;285696;446371430400;17180767
35840;3.6950001717;28011;9528;2425;286720;449576960000;16739834
35968;6.5290002823;28245;10734;2655;287744;452793958400;16570483
36096;3.6340000629;25588;8029;4632;288768;456022425600;16632856
36224;3.6460001469;23354;10432;4620;289792;459262361600;16545512
36352;3.6280002594;24487;8152;4235;290816;462513766400;16519177
36480;3.7020001411;27415;9970;4596;291840;465776640000;16852251
36608;3.7180001736;28599;8045;4577;292864;469050982400;16901188
36736;3.7740001678;32021;8639;4625;293888;472336793600;17193625
36864;3.8430001736;31463;11047;4394;294912;475634073600;17511554
36992;3.7550001144;25623;9741;4590;295936;478942822400;17083337
37120;3.9010002613;30733;13193;4717;296960;482263040000;17657011
37248;3.7790002823;26923;10501;4700;297984;485594726400;17160884
37376;3.8970000744;29723;10548;4544;299008;488937881600;17581465
37504;4.0859999657;32469;8802;4365;300032;492292505600;17841618
37632;3.8390002251;30511;11679;4516;301056;495658598400;17646006
37760;3.8800001144;29232;13450;4412;302080;499036160000;17543452
37888;3.8010001183;26694;8331;4902;303104;502425190400;17201605
38016;5.1830000877;29886;11698;4960;304128;505825689600;17673084
38144;4.1370000839;29871;9155;5001;305152;509237657600;18159821
38272;3.9630002975;31631;11299;4613;306176;512661094400;17915887
38400;3.8740000725;27861;12733;2977;307200;516096000000;17668373
38528;3.9860002995;29124;11641;2639;308224;519542374400;18171150
38656;11.8040008545;30687;10833;5001;309248;523000217600;18043562
38784;3.9550001621;27871;9467;2734;310272;526469529600;17871033
38912;4.0450000763;33469;9515;2786;311296;529950310400;18266158
39040;4.0830001831;31879;9448;3244;312320;533442560000;18536998
39168;4.0120000839;27818;7860;2318;313344;536946278400;18020493
39296;4.0390000343;30012;9571;2926;314368;540461465600;18275178
39424;4.1520004272;31404;9057;2764;315392;543988121600;18458541
39552;4.0120000839;26257;10187;3317;316416;547526246400;18056665
39680;4.0290002823;28555;10145;3480;317440;551075840000;18345586
39808;4.0630002022;28584;12278;4853;318464;554636902400;18227083
39936;4.1740002632;32676;15521;4874;319488;558209433600;18858159
40064;4.2180004120;34055;14414;4956;320512;561793433600;19158984
40192;4.1100001335;31187;10391;4944;321536;565388902400;18710966
40320;4.0260000229;28835;12332;5107;322560;568995840000;18295058
40448;4.3540000916;40667;17323;4990;323584;572614246400;19905390
40576;4.2170000076;32769;12184;4753;324608;576244121600;19075142
40704;4.0930004120;29928;10185;5095;325632;579885465600;18664585
40832;4.1810002327;30730;9258;4994;326656;583538278400;19033229
40960;4.2430000305;32796;11930;5054;327680;587202560000;19210963
41088;4.1960000992;31430;10570;5445;328704;590878310400;19010744
41216;4.3460001945;36232;14868;5129;329728;594565529600;19767310
41344;4.1560001373;26978;11724;5312;330752;598264217600;18807390
41472;4.9530000687;30674;12846;5056;331776;601974374400;19203308
41600;4.4530000687;34943;11095;5096;332800;605696000000;19636535
41728;4.3500003815;34523;13264;5253;333824;609429094400;19720442
41856;4.3330001831;33623;11820;5285;334848;613173657600;19783953
41984;4.2560000420;32159;12172;5033;335872;616929689600;19366396
42112;4.3700003624;34994;13966;5063;336896;620697190400;19939195
42240;4.3270001411;32086;12226;5402;337920;624476160000;19731067
42368;4.5480003357;38136;15743;5030;338944;628266598400;20382404
42496;4.3650002480;30374;10943;5603;339968;632068505600;19727140
42624;4.5410003662;40078;16259;5154;340992;635881881600;20735253
42752;4.2090001106;27176;12909;5253;342016;639706726400;19028404
42880;4.2840003967;29249;9525;5197;343040;643543040000;19543957
43008;4.5540003777;39988;16001;5118;344064;647390822400;20764184
43136;4.3580002785;32552;12462;5475;345088;651250073600;19875820
43264;4.5130000114;34415;15259;5225;346112;655120793600;20291806
43392;4.4750003815;31040;12238;5617;347136;659002982400;20247216
43520;4.4760003090;33911;10786;5595;348160;662896640000;20392668
43648;4.5850000381;37486;15787;5156;349184;666801766400;20722704
43776;4.5199999809;36808;12946;5236;350208;670718361600;20620294
43904;4.8250002861;47211;20391;5521;351232;674646425600;22110999
44032;7.5370001793;34475;13304;5582;352256;678585958400;20284765
44160;4.4700002670;31559;11650;5361;353280;682536960000;20262814
44288;4.7420001030;41565;17722;5768;354304;686499430400;21509955
44416;4.4430003166;30562;12446;5540;355328;690473369600;20249000
44544;4.5810003281;33680;11681;5582;356352;694458777600;20618248
44672;4.7070002556;41425;12798;5814;357376;698455654400;21490188
44800;4.6020002365;35403;13674;5829;358400;702464000000;20811354
44928;4.6660003662;37415;13598;5612;359424;706483814400;21226302
45056;4.8280000687;42322;14737;6546;360448;710515097600;21893995
45184;4.6370000839;36254;12165;3688;361472;714557849600;21174083
45312;6.0760002136;35774;14752;4227;362496;718612070400;21149160
45440;4.6930003166;34209;14862;5798;363520;722677760000;21052421
45568;4.6900000572;36187;14609;3324;364544;726754918400;21419736
45696;4.6250000000;33474;12981;3800;365568;730843545600;21032489
45824;4.8190002441;40378;17039;3580;366592;734943641600;21921469
45952;4.8210000992;39467;15972;3659;367616;739055206400;22013383
46080;5.2770004272;34237;12399;5315;368640;743178240000;21365509
46208;5.0740003586;49403;23791;5504;369664;747312742400;23015416
46336;4.8620004654;40364;17269;5840;370688;751458713600;22130319
46464;4.7740001678;36142;14600;5009;371712;755616153600;21759581
46592;4.8020000458;34648;11512;3502;372736;759785062400;21744557
46720;4.7690000534;34476;12249;3196;373760;763965440000;21682016
46848;4.7930002213;35833;15324;3437;374784;768157286400;21769127
46976;4.8340001106;34261;14758;3476;375808;772360601600;21561890
47104;5.0580000877;42502;14338;4143;376832;776575385600;22688148
47232;4.8550000191;37213;12800;5828;377856;780801638400;22135334
47360;5.0430002213;43581;12743;6047;378880;785039360000;22787689
47488;4.9570002556;38239;12374;7014;379904;789288550400;22345693
47616;4.9910001755;38547;12603;6398;380928;793549209600;22429775
47744;4.9230003357;38650;15797;5695;381952;797821337600;22421351
47872;4.9370002747;35939;14585;6874;382976;802104934400;22275814
48000;7.9680004120;35563;14802;6302;384000;806400000000;22340259
48128;4.9250001907;38458;17470;5882;385024;810706534400;22388823
48256;5.1080002785;42831;12193;5664;386048;815024537600;23075138
48384;5.0490002632;40393;15975;3596;387072;819354009600;22942352
48512;4.9820003510;36703;14355;6122;388096;823694950400;22450704
48640;5.0830001831;41010;16938;5950;389120;828047360000;23049367
48768;5.0180001259;39419;13201;6413;390144;832411238400;22602425
48896;5.0760002136;42156;18556;6297;391168;836786585600;23126177
49024;5.1440000534;38696;15250;6119;392192;841173401600;23092816
49152;5.2120003700;44503;21876;6418;393216;845571686400;23668977
49280;5.1520004272;40901;17380;6106;394240;849981440000;23313372
49408;5.1610002518;43130;18054;5934;395264;854402662400;23360511
49536;5.1380000114;39760;12730;6440;396288;858835353600;23345716
49664;5.2210001945;42240;19921;5684;397312;863279513600;23665035
49792;5.2610001564;47365;17935;6466;398336;867735142400;24041710
49920;5.2780003548;44962;17680;6118;399360;872202240000;24032154
50048;5.2550001144;39783;19248;6040;400384;876680806400;23381746
50176;10.8060007095;38073;18545;6505;401408;881170841600;23189357
50304;5.2640004158;44207;19586;3706;402432;885672345600;24033876
50432;5.2180004120;39972;16720;2949;403456;890185318400;23678446
50560;5.0540003777;36533;15797;4144;404480;894709760000;22932498
50688;5.5880002975;52813;22503;3508;405504;899245670400;25218476
50816;5.2530002594;43492;17323;3476;406528;903793049600;23989284
50944;5.5890002251;55093;22528;4326;407552;908351897600;25682348
51072;5.4060001373;44977;17025;3653;408576;912922214400;24374660
51200;5.4820003510;49471;22175;4069;409600;917504000000;25015420
51328;5.5850000381;50789;22765;3320;410624;922097254400;25316515
51456;5.4990000725;49482;26632;3825;411648;926701977600;25199333
51584;5.3150000572;41591;15146;4266;412672;931318169600;24249560
51712;5.5320000648;47178;21790;6418;413696;935945830400;24993035
51840;5.4370002747;45282;18740;6693;414720;940584960000;24673367
51968;5.5030002594;45843;19663;6558;415744;945235558400;24909596
52096;6.0320000648;43549;17562;6678;416768;949897625600;24818693
52224;6.5000004768;39450;17905;6861;417792;954571161600;24227789
52352;5.3380002975;38365;16335;6535;418816;959256166400;24032089
52480;8.5000000000;39668;17943;4311;419840;963952640000;24480524
52608;5.4430003166;41094;15529;6540;420864;968660582400;24555242
52736;5.5800004005;48151;21432;6165;421888;973379993600;25410322
52864;5.2710003853;38067;13760;4161;422912;978110873600;24014377
52992;8.8320007324;40476;17765;4560;423936;982853222400;24614008
53120;5.5720000267;46869;18365;4612;424960;987607040000;25196470
53248;5.4850001335;41953;17801;3828;425984;992372326400;25088663
53376;5.4760003090;42179;16266;5276;427008;997149081600;24934546
53504;5.9340004921;59468;29387;6849;428032;1001937305600;27004747
53632;5.5820002556;46462;23883;6432;429056;1006736998400;25493531
53760;5.8360004425;52879;25796;6493;430080;1011548160000;26484949
53888;5.6310000420;43978;16701;7290;431104;1016370790400;25276793
54016;5.7230000496;52544;21819;6316;432128;1021204889600;26187781
54144;5.6360001564;46562;16591;6948;433152;1026050457600;25789373
54272;5.5680003166;42191;17533;6260;434176;1030907494400;25119120
54400;5.8270001411;54909;25020;6536;435200;1035776000000;26706349
54528;5.6600003242;43217;19685;6975;436224;1040655974400;25395751
54656;5.7210001945;45701;20805;7019;437248;1045547417600;25879799
54784;5.5740003586;41330;16684;6925;438272;1050450329600;25346957
54912;5.6380004883;43305;19056;7306;439296;1055364710400;25329569
55040;5.7600002289;47155;17371;7225;440320;1060290560000;26165771
55168;6.0220003128;57373;26086;6746;441344;1065227878400;27400491
55296;5.6630001068;43892;17355;7419;442368;1070176665600;25700870
55424;5.8400001526;44764;19741;7072;443392;1075136921600;26064043
55552;6.0060005188;45080;18679;7251;444416;1080108646400;26080430
55680;5.8110003471;46720;21289;7201;445440;1085091840000;26281786
55808;5.7720003128;45631;17458;7284;446464;1090086502400;26432644
55936;5.9610004425;49114;26369;5317;447488;1095092633600;26837158
56064;5.7050004005;42774;19552;4618;448512;1100110233600;25857784
56192;5.7610001564;44145;16590;7335;449536;1105139302400;26335459
56320;5.9450001717;51361;20611;7015;450560;1110179840000;27129558
56448;5.7860002518;43584;20239;6900;451584;1115231846400;26177239
56576;5.9340004921;46713;19830;7334;452608;1120295321600;26792686
56704;6.0030002594;50574;21091;7060;453632;1125370265600;27086688
56832;5.8790001869;43489;18426;6609;454656;1130456678400;26502842
56960;5.8860001564;47958;16121;7293;455680;1135554560000;26909846
57088;5.9940004349;47444;21270;7403;456704;1140663910400;27052665
57216;5.9770002365;49759;23010;7146;457728;1145784729600;27275651
57344;5.8860001564;44353;16574;4818;458752;1150917017600;26800308
57472;6.1340003014;54125;27425;3488;459776;1156060774400;27821179
57600;6.1020002365;52685;22822;5023;460800;1161216000000;27613467
57728;6.0710000992;50516;21238;7355;461824;1166382694400;27704032
57856;6.0690002441;47563;21553;7061;462848;1171560857600;27272821
57984;6.0900001526;51566;21439;7670;463872;1176750489600;27884106
58112;9.0310001373;49155;21066;7679;464896;1181951590400;27363655
58240;6.1700000763;50852;18769;7369;465920;1187164160000;27917950
58368;6.2300004959;53391;23105;7383;466944;1192388198400;28249536
58496;6.4030003548;63216;36073;7577;467968;1197623705600;29374817
58624;6.1860003471;53789;23835;7551;468992;1202870681600;28382114
58752;6.2250003815;51701;20674;7403;470016;1208129126400;28250176
58880;6.2650003433;53216;24988;7328;471040;1213399040000;28407120
59008;6.2700004578;53578;22246;7658;472064;1218680422400;28432196
59136;9.0870008469;49708;23613;7648;473088;1223973273600;28078524
59264;6.3770003319;58061;25248;7655;474112;1229277593600;28985392
59392;6.4350004196;58860;27505;7374;475136;1234593382400;29411733
59520;6.2390003204;50530;20471;7661;476160;1239920640000;28112525
59648;6.2740001678;49799;23451;8310;477184;1245259366400;28091187
59776;6.1900000572;47665;23960;8052;478208;1250609561600;27916134
59904;6.7610001564;70965;40511;7318;479232;1255971225600;30953395
60032;6.1630001068;49183;20884;7615;480256;1261344358400;28107671
60160;6.3080000877;49818;20217;7398;481280;1266728960000;28431442
60288;6.3630003929;54015;25782;7549;482304;1272125030400;28860622
60416;6.3470001221;53944;24209;7600;483328;1277532569600;28834686
60544;9.8920001984;60552;27135;7959;484352;1282951577600;29752527
60672;6.5220003128;59016;33773;8161;485376;1288382054400;29491224
60800;6.4470005035;55257;26587;7322;486400;1293824000000;29407494
60928;14.0450010300;50100;23879;7875;487424;1299277414400;28506221
61056;9.6420001984;57037;33790;6205;488448;1304742297600;29666574
61184;9.7740001678;53217;26506;5272;489472;1310218649600;29124310
61312;6.7570004463;69345;29279;5181;490496;1315706470400;30760588
61440;6.4590001106;51678;22453;8299;491520;1321205760000;29063927
61568;6.4660000801;52850;24410;7958;492544;1326716518400;29246363
61696;6.4140005112;53781;25117;7684;493568;1332238745600;29163479
61824;9.4350004196;48497;24098;7375;494592;1337772441600;28812178
61952;6.5140004158;53182;24405;5053;495616;1343317606400;29533189
62080;6.6610002518;62920;30751;5052;496640;1348874240000;30235658
62208;8.0960006714;60725;27133;7377;497664;1354442342400;30478435
62336;6.4650001526;50919;21180;5316;498688;1360021913600;29106123
62464;6.6860003471;56785;25111;7304;499712;1365612953600;30266925
62592;6.5650005341;53556;20344;8404;500736;1371215462400;29708856
62720;6.5990004539;54335;23592;8422;501760;1376829440000;29815847
62848;6.5910000801;53838;22575;8298;502784;1382454886400;29900415
62976;6.6380004883;56137;21678;8588;503808;1388091801600;30129442
63104;6.5720005035;51842;22845;5814;504832;1393740185600;29745742
63232;7.0010004044;68980;31317;7752;505856;1399400038400;32022230
63360;6.7230005264;56633;22958;8445;506880;1405071360000;30474872
63488;6.8500003815;59628;21588;4990;507904;1410754150400;30899854
63616;6.6930003166;56971;22666;8731;508928;1416448409600;30478575
63744;6.7140002251;58602;25037;5325;509952;1422154137600;30641008
63872;6.6840004921;55857;25584;5328;510976;1427871334400;30259606
64000;8.0830001831;56310;24855;8532;512000;1433600000000;30767046
64128;9.9900007248;65656;22305;5393;513024;1439340134400;31722696
64256;6.6680002213;56177;25438;4958;514048;1445091737600;30497818
64384;6.8780002594;60525;25872;5453;515072;1450854809600;30777999
64512;6.8300004005;60820;26138;8374;516096;1456629350400;31295440
64640;9.6160001755;51561;23190;7966;517120;1462415360000;30045336
64768;8.0450000763;54576;25436;8750;518144;1468212838400;30553767
64896;6.8370003700;58740;23955;8371;519168;1474021785600;31048456
65024;6.7030005455;51214;25375;8035;520192;1479842201600;30359912
65152;6.9520001411;61200;30602;8496;521216;1485674086400;31507292
65280;6.8800001144;54436;26013;8414;522240;1491517440000;30898478
65408;6.9680004120;61575;32432;5346;523264;1497372262400;31780762
65536;6.8010001183;57475;22334;8531;524288;1503238553600;31057141
65664;7.0310001373;65901;33383;6188;525312;1509116313600;32052974
65792;10.1350002289;74481;34021;5834;526336;1515005542400;33517023
65920;6.7100005150;51040;21148;5105;527360;1520906240000;30747598
66048;6.7620000839;53357;25254;8642;528384;1526818406400;30611836
66176;6.8930001259;56555;21559;5523;529408;1532742041600;31381316
66304;7.4540004730;75680;36660;8155;530432;1538677145600;33735975
66432;7.0730004311;59595;27417;7664;531456;1544623718400;31944698
66560;7.0830001831;59249;24019;9411;532480;1550581760000;32056692
66688;7.0500001907;58811;29647;8715;533504;1556551270400;32116719
66816;7.0240001678;58227;28225;7574;534528;1562532249600;31820683
66944;7.2380003929;63603;25277;8776;535552;1568524697600;32886708
67072;6.9850001335;56962;32777;9099;536576;1574528614400;31807396
67200;7.1590003967;60926;27380;8737;537600;1580544000000;32440386
67328;7.1630001068;61482;28202;8583;538624;1586570854400;32224891
67456;7.5790004730;62242;26450;7260;539648;1592609177600;32533329
67584;7.1000003815;56952;22395;6562;540672;1598658969600;32245373
67712;7.4650001526;72958;32411;6125;541696;1604720230400;33949205
67840;7.0320005417;53877;23135;9074;542720;1610792960000;31789800
67968;7.2910003662;64702;32645;9083;543744;1616877158400;33109711
68096;7.2560005188;64609;29237;6359;544768;1622972825600;33278636
68224;7.2100005150;60998;24507;6072;545792;1629079961600;32704882
68352;7.1490001678;57193;23894;5764;546816;1635198566400;32577947
68480;7.2880005836;61950;25633;6173;547840;1641328640000;33206402
68608;7.2430005074;60784;24006;5843;548864;1647470182400;33009893
68736;7.2810001373;61488;24273;6541;549888;1653623193600;33103418
68864;7.5680003166;73409;34090;8686;550912;1659787673600;34461762
68992;7.4540004730;68108;28899;5902;551936;1665963622400;33859847
69120;10.5980005264;66295;27956;8003;552960;1672151040000;33894068
69248;10.0260000229;53664;27106;7231;553984;1678349926400;32283646
69376;8.2080001831;97963;64608;9322;555008;1684560281600;37507310
69504;7.3410005569;61563;27788;6071;556032;1690782105600;33442044
69632;10.4320001602;65553;31274;9024;557056;1697015398400;33407609
69760;7.2470002174;61482;29333;8920;558080;1703260160000;33200776
69888;7.2990002632;57619;29423;9476;559104;1709516390400;32756713
70016;7.3020005226;61450;30965;9229;560128;1715784089600;33155884
70144;7.5060005188;66568;34030;9042;561152;1722063257600;34234751
70272;7.5120005608;64869;24980;9319;562176;1728353894400;34193088
70400;7.4280004501;64035;27775;9380;563200;1734656000000;33543503
70528;7.5030002594;64782;29633;5991;564224;1740969574400;34048542
70656;9.7690000534;74126;36362;8062;565248;1747294617600;35138738
70784;10.6870002747;70838;31530;9218;566272;1753631129600;34647676
70912;7.4980001450;62417;23341;5801;567296;1759979110400;34086607
71040;8.9610004425;65789;25894;9326;568320;1766338560000;34654266
71168;10.7000007629;66787;29572;6401;569344;1772709478400;34624324
71296;7.4250001907;59319;24135;6371;570368;1779091865600;33780685
71424;7.6550002098;66209;29964;6420;571392;1785485721600;34717838
71552;10.8500003815;72646;35760;7638;572416;1791891046400;35392862
71680;7.4950003624;59777;30328;8610;573440;1798307840000;34026009
71808;7.7360005379;70334;31652;9430;574464;1804736102400;35249167
71936;7.7120003700;68328;35015;9187;575488;1811175833600;35070113
72064;7.6490001678;62632;32158;9557;576512;1817627033600;34846148
72192;7.4360003471;59734;26857;9832;577536;1824089702400;33809703
72320;7.7580003738;71772;38595;9338;578560;1830563840000;35363087
72448;7.6090002060;62567;33258;9886;579584;1837049446400;34671681
72576;7.8060002327;69776;35601;9181;580608;1843546521600;35443443
72704;7.5900001526;63336;30458;9692;581632;1850055065600;34549905
72832;7.6690001488;66081;29018;9606;582656;1856575078400;34928454
72960;7.5440001488;59029;24040;9683;583680;1863106560000;34332486
73088;7.6670002937;63906;32101;10213;584704;1869649510400;34962219
73216;7.9380002022;73942;32156;9321;585728;1876203929600;36173307
73344;7.6860003471;62180;23913;10815;586752;1882769817600;34738248
73472;8.3600006104;86846;49641;9274;587776;1889347174400;38028400
73600;7.8880004883;63136;26774;10694;588800;1895936000000;34896314
73728;9.8100004196;74753;26866;9887;589824;1902536294400;36416377
73856;8.2430000305;84077;46963;10103;590848;1909148057600;37658906
73984;8.0090007782;75584;38943;9595;591872;1915771289600;36550336
74112;7.8960003853;68430;35907;9478;592896;1922405990400;35898117
74240;8.1460008621;75349;43675;8687;593920;1929052160000;36441866
74368;8.1740007401;76282;44907;8468;594944;1935709798400;36631611
74496;8.0390005112;71793;34291;9783;595968;1942378905600;36308661
74624;7.8070001602;67063;31596;9754;596992;1949059481600;35575849
74752;7.8890004158;65609;28392;7570;598016;1955751526400;35608501
74880;8.0030002594;71233;35193;6908;599040;1962455040000;36552185
75008;7.8290004730;62363;28187;9814;600064;1969170022400;35692992
75136;11.2290000916;73349;37889;10006;601088;1975896473600;36932761
75264;7.9340004921;67176;30270;9897;602112;1982634393600;36064495
75392;8.0790004730;69238;29215;10156;603136;1989383782400;36796911
75520;8.2690000534;68615;28992;10265;604160;1996144640000;36347860
75648;8.1719999313;74388;36533;10314;605184;2002916966400;37205258
75776;8.1059999466;65928;34820;10020;606208;2009700761600;36018591
75904;8.0280008316;67493;31621;10111;607232;2016496025600;36377999
76032;8.1520004272;74551;34507;9701;608256;2023302758400;37142920
76160;8.0010004044;67116;33279;10188;609280;2030120960000;36458332
76288;8.8290004730;73929;32453;10309;610304;2036950630400;37309907
76416;8.3600006104;79161;43679;9719;611328;2043791769600;37991133
76544;8.1710004807;72652;28162;9836;612352;2050644377600;37026710
76672;8.3130006790;72740;32098;9782;613376;2057508454400;37503609
76800;11.0170001984;69264;33581;10087;614400;2064384000000;36950029
76928;8.2379999161;73817;32212;9823;615424;2071271014400;37492005
77056;8.1860008240;71444;35859;11074;616448;2078169497600;37250294
77184;8.2520008087;77312;36620;6845;617472;2085079449600;37674083
77312;8.3450002670;77555;39257;7290;618496;2092000870400;38138687
77440;8.2899999619;74729;38301;6857;619520;2098933760000;37909575
77568;9.5070009232;74066;35424;6606;620544;2105878118400;37761947
77696;8.3680000305;76419;39541;7427;621568;2112833945600;38318653
77824;8.2650003433;73167;35059;9884;622592;2119801241600;37713662
77952;8.1719999313;70397;34142;10998;623616;2126780006400;37167661
78080;8.4230003357;77101;36860;9037;624640;2133770240000;38458696
78208;8.2030000687;69029;34393;10186;625664;2140771942400;37427340
78336;8.5080003738;77812;43331;10335;626688;2147785113600;38635701
78464;8.4739999771;77532;26541;10481;627712;2154809753600;38480925
78592;8.4190006256;73869;38317;10383;628736;2161845862400;38274550
78720;11.6750001907;66403;30390;10609;629760;2168893440000;37257633
78848;8.4230003357;75298;37324;10489;630784;2175952486400;38361178
78976;8.2490005493;67727;33203;10277;631808;2183023001600;37525572
79104;8.2340002060;68409;31641;10380;632832;2190104985600;37513991
79232;8.3600006104;73032;31888;10548;633856;2197198438400;38137258
79360;8.4219999313;74964;37015;10475;634880;2204303360000;38539148
79488;11.0620002747;71054;34088;6056;635904;2211419750400;38004307
79616;8.4360008240;75513;33788;10852;636928;2218547609600;38419184
79744;8.4280004501;73917;35217;7140;637952;2225686937600;38397913
79872;8.5460004807;76954;33037;7407;638976;2232837734400;39021466
80000;11.4550008774;69962;30776;7889;640000;2240000000000;38023693
80128;11.8220005035;81274;43737;9148;641024;2247173734400;39310077
80256;8.3130006790;67944;34160;7620;642048;2254358937600;37843669
80384;8.3810005188;67612;29883;11051;643072;2261555609600;38169255
80512;8.6330003738;75863;44950;10914;644096;2268763750400;39367024
80640;8.5659999847;71644;33004;10505;645120;2275983360000;39110200
80768;8.6540002823;78424;41861;10785;646144;2283214438400;39641281
80896;8.7150001526;78338;41150;10598;647168;2290456985600;39679526
81024;8.6470003128;76774;37114;10930;648192;2297711001600;39377688
81152;8.7500000000;79659;36660;10829;649216;2304976486400;39761291
81280;8.7170000076;76064;39309;11049;650240;2312253440000;39544224
81408;8.7890005112;82757;46081;7920;651264;2319541862400;40081955
81536;11.8340005875;81352;46606;7753;652288;2326841753600;40170803
81664;9.1440000534;92473;55809;6796;653312;2334153113600;41695159
81792;8.8769531250;80373;41295;8267;654336;2341475942400;40462620
81920;8.9460000992;83039;46387;8033;655360;2348810240000;40637736
82048;8.7190008163;71578;32993;6905;656384;2356156006400;39174671
82176;9.1740007401;76958;40867;8432;657408;2363513241600;39985329
82304;8.8670005798;82751;42034;10270;658432;2370881945600;40456368
82432;8.8660001755;80805;39239;7793;659456;2378262118400;40500993
82560;8.6300001144;73414;35547;7450;660480;2385653760000;39378282
82688;10.5360002518;76178;41334;8184;661504;2393056870400;39881317
82816;12.0480003357;78547;38294;10167;662528;2400471449600;40441694
82944;8.8050003052;77888;37033;11241;663552;2407897497600;39979888
83072;9.1909999847;89250;46971;7948;664576;2415335014400;41752957
83200;10.6910009384;75406;37391;8021;665600;2422784000000;39930881
83328;8.8680000305;79935;33653;11407;666624;2430244454400;40452282
83456;8.9360008240;78824;36747;11615;667648;2437716377600;40375562
83584;9.0420007706;83976;40391;7871;668672;2445199769600;41327856
83712;10.7910003662;94059;58594;10918;669696;2452694630400;42628141
83840;9.7800006866;113551;70264;7565;670720;2460200960000;44811063
83968;9.5060005188;96127;48843;6894;671744;2467718758400;43066377
84096;9.3140001297;92884;54188;7775;672768;2475248025600;42591538
84224;8.9700002670;80350;36275;7309;673792;2482788761600;40894721
84352;9.0820007324;79933;40085;7858;674816;2490340966400;41108214
84480;10.1330003738;81771;39199;10136;675840;2497904640000;41048750
84608;9.2050008774;83315;42969;10747;676864;2505479782400;41758861
84736;8.9990005493;78126;34493;8767;677888;2513066393600;41003116
84864;9.1120004654;80488;35187;7640;678912;2520664473600;40993306
84992;9.0370006561;81423;40491;10941;679936;2528274022400;41355803
85120;9.1540002823;81117;36816;11555;680960;2535895040000;41553938
85248;9.2700004578;87226;42775;8648;681984;2543527526400;42267849
85376;9.0920000076;80998;44856;10258;683008;2551171481600;41340742
85504;8.9830007553;74303;32223;11949;684032;2558826905600;40575202
85632;9.1980009079;84723;38105;8117;685056;2566493798400;42021337
85760;9.0130004883;74248;39242;8190;686080;2574172160000;41047192
85888;9.3690004349;89394;45256;7696;687104;2581861990400;42729565
86016;9.2220001221;82341;38655;8755;688128;2589563289600;41990301
86144;9.1310005188;78591;33374;7370;689152;2597276057600;41657773
86272;9.4430007935;88625;43718;8495;690176;2605000294400;42589127
86400;9.5100002289;90883;43063;11608;691200;2612736000000;43000636
86528;9.2900009155;78290;41686;11018;692224;2620483174400;41516778
86656;9.3500003815;89385;46146;10731;693248;2628241817600;42694943
86784;9.4910001755;86811;44133;11760;694272;2636011929600;42885365
86912;9.2720003128;78658;39441;12202;695296;2643793510400;42407202
87040;9.2000007629;77211;37825;12019;696320;2651586560000;41784862
87168;9.6250000000;96000;57928;11801;697344;2659391078400;44100223
87296;9.0940008163;74299;35733;12417;698368;2667207065600;41268339
87424;9.6700000763;94394;49377;8462;699392;2675034521600;44073232
87552;9.3890008926;85651;40136;7822;700416;2682873446400;42818454
87680;9.4040002823;85888;36465;7087;701440;2690723840000;42998073
87808;9.2210006714;77034;32509;7817;702464;2698585702400;41883219
87936;9.7840003967;96681;51838;7967;703488;2706459033600;44600051
88064;17.2200012207;88459;43508;11476;704512;2714343833600;43154480
88192;9.3630008698;82521;36485;8169;705536;2722240102400;42612348
88320;9.5720005035;90252;40963;8606;706560;2730147840000;43822043
88448;9.8370008469;101050;53581;7420;707584;2738067046400;45071304
88576;9.4800004959;81344;39344;8172;708608;2745997721600;42911276
88704;9.3540000916;80678;41430;7882;709632;2753939865600;42529833
88832;9.6170005798;89396;44907;12072;710656;2761893478400;43901241
88960;9.5650005341;87457;45384;12622;711680;2769858560000;43685781
89088;12.7220010757;87662;43915;10912;712704;2777835110400;44085518
89216;12.7260007858;91493;44269;8064;713728;2785823129600;43911409
89344;9.8190002441;94403;49737;12448;714752;2793822617600;44571588
89472;9.5970001221;87865;48208;8442;715776;2801833574400;43823159
89600;12.6750001907;85400;40934;11139;716800;2809856000000;43516273
89728;9.6640005112;85403;39159;13059;717824;2817889894400;43696154
89856;10.1000003815;105795;61851;11869;718848;2825935257600;46139286
89984;14.6339721680;82918;42215;12461;719872;2833992089600;43270184
90112;13.0660009384;87481;44084;11349;720896;2842060390400;43925834
90240;9.8110008240;91023;43377;12788;721920;2850140160000;44597987
90368;9.6550006866;85864;40770;9072;722944;2858231398400;44025220
90496;9.5840005875;83146;41572;8868;723968;2866334105600;43449920
90624;9.6110000610;79568;38685;8977;724992;2874448281600;43671742
90752;9.7000007629;84906;40934;9056;726016;2882573926400;44106046
90880;10.0780000687;101142;56575;9007;727040;2890711040000;46128490
91008;9.8270006180;87678;39554;9273;728064;2898859622400;44746234
91136;10.0310001373;99222;44320;8729;729088;2907019673600;45851159
91264;9.7360000610;83860;36716;8370;730112;2915191193600;44307959
91392;10.4510002136;109387;58582;12098;731136;2923374182400;46965661
91520;9.8260002136;90861;48140;9673;732160;2931568640000;44875136
91648;9.9110002518;94104;50218;8508;733184;2939774566400;45136229
91776;10.0660009384;98373;56257;10850;734208;2947991961600;45859606
91904;9.9100008011;93002;56879;8718;735232;2956220825600;45075923
92032;10.2880001068;102636;55841;9449;736256;2964461158400;46301163
92160;10.3420009613;106901;66301;9022;737280;2972712960000;47033317
92288;10.0770006180;98798;44809;9280;738304;2980976230400;46109934
92416;9.8080005646;82944;46095;13252;739328;2989250969600;44386782
92544;9.7320003510;81480;36953;10460;740352;2997537177600;44515719
92672;10.0140008926;91462;42200;11365;741376;3005834854400;45568735
92800;10.3680000305;105482;51202;9393;742400;3014144000000;47331935
92928;9.8960008621;80205;38784;13081;743424;3022464614400;44466006
93056;10.2310009003;91603;47395;13220;744448;3030796697600;45565996
93184;10.1420001984;95979;52815;9440;745472;3039140249600;46385025
93312;12.9050006866;87953;47292;9605;746496;3047495270400;44911438
93440;13.3470010757;98716;56195;11533;747520;3055861760000;46691640
93568;9.8900003433;87157;38676;9341;748544;3064239718400;45103568
93696;9.9170007706;84493;41160;11819;749568;3072629145600;45118091
93824;10.3080005646;101956;47491;8345;750592;3081030041600;47053059
93952;10.0650005341;86582;37917;8897;751616;3089442406400;45797536
94080;10.0820007324;87683;41099;9023;752640;3097866240000;45902720
94208;10.3300008774;100049;53040;8056;753664;3106301542400;47004944
94336;10.3100004196;96433;48215;9344;754688;3114748313600;47139792
94464;10.2290000916;90878;39834;10856;755712;3123206553600;46237762
94592;10.0840005875;89789;41714;8689;756736;3131676262400;45830761
94720;10.2900009155;86221;39103;9649;757760;3140157440000;46108060
94848;10.1600008011;89600;43434;8741;758784;3148650086400;46105322
94976;10.2540006638;88789;45300;9453;759808;3157154201600;46412114
95104;10.3910007477;96142;45349;9364;760832;3165669785600;47406660
95232;10.3140001297;94048;42474;13532;761856;3174196838400;46916576
95360;10.4290008545;97947;51299;13430;762880;3182735360000;47626800
95488;10.2140007019;86323;51939;14777;763904;3191285350400;45708604
95616;10.3320007324;87477;47932;14861;764928;3199846809600;45661205
95744;10.1140003204;86404;38863;13681;765952;3208419737600;46062026
95872;10.3840007782;94943;54118;12606;766976;3217004134400;47234516
96000;10.5150003433;99031;52826;13340;768000;3225600000000;47852067
96128;10.2610006332;91649;42807;13660;769024;3234207334400;46648717
96256;10.5750007629;99924;50841;12971;770048;3242826137600;47671689
96384;18.0980014801;95265;45665;12425;771072;3251456409600;47310507
96512;10.4180002213;96338;47789;9393;772096;3260098150400;47435225
96640;11.1060009003;114442;71996;11128;773120;3268751360000;49799547
96768;14.1900005341;95770;49836;11111;774144;3277416038400;47360901
96896;10.8070001602;110686;64046;13002;775168;3286092185600;49359863
97024;10.6660003662;107021;63793;10091;776192;3294779801600;49042092
97152;10.5840005875;99371;54409;10080;777216;3303478886400;48373433
97280;13.4000005722;90035;43678;12586;778240;3312189440000;47083098
97408;10.3070001602;87978;42363;13704;779264;3320911462400;46950758
97536;10.6700000763;101860;58408;13029;780288;3329644953600;48701696
97664;10.4980001450;98259;45980;12999;781312;3338389913600;48092088
97792;12.7400007248;88835;39008;13580;782336;3347146342400;47308012
97920;10.5290002823;94963;52169;13808;783360;3355914240000;48144090
98048;10.4230003357;94249;49471;13747;784384;3364693606400;47421518
98176;11.3670005798;115877;73133;13815;785408;3373484441600;50560563
98304;10.8130006790;108448;52832;14518;786432;3382286745600;49488851
98432;13.9430007935;109042;56638;12596;787456;3391100518400;49770189
98560;10.6600008011;96491;52839;12825;788480;3399925760000;48210721
98688;10.5180006027;91815;48366;12664;789504;3408762470400;48082600
98816;10.8600006104;106719;53751;12792;790528;3417610649600;49511698
98944;14.3190002441;102010;57238;13245;791552;3426470297600;49353022
99072;10.9800004959;109105;60246;12038;792576;3435341414400;50198185
99200;10.5650005341;95085;50344;10010;793600;3444224000000;48202398
99328;12.2820005417;91799;45005;10790;794624;3453118054400;48195589
99456;11.0030002594;107670;53133;9819;795648;3462023577600;49609516
99584;10.5270004272;90024;49262;13237;796672;3470940569600;47934769
99712;10.8240003586;101883;56500;13864;797696;3479869030400;49153839
99840;10.7530002594;97528;49610;14326;798720;3488808960000;49055317
99968;10.8460006714;92336;42713;14716;799744;3497760358400;48281481
100096;11.3480005264;117801;62739;13462;800768;3506723225600;51635023
100224;10.5840005875;90717;43180;14152;801792;3515697561600;48171655
100352;10.9290008545;103104;49554;13178;802816;3524683366400;49658480
100480;10.7950000763;91720;43790;15274;803840;3533680640000;48882909
100608;10.6290006638;87513;44432;14704;804864;3542689382400;48224791
100736;10.8630008698;97629;47239;14833;805888;3551709593600;49390418
100864;10.7450008392;94921;49907;14346;806912;3560741273600;48794867
100992;10.9150009155;98974;45996;15667;807936;3569784422400;49617921
101120;11.2790002823;113968;62036;13484;808960;3578839040000;51345260
101248;10.7580003738;93766;46586;15305;809984;3587905126400;48869744
101376;10.7950000763;95746;47622;15893;811008;3596982681600;48997755
101504;11.0480003357;104675;61538;13965;812032;3606071705600;50102558
101632;10.9470005035;97497;49476;15614;813056;3615172198400;49719125
101760;10.7090005875;90651;44996;14509;814080;3624284160000;48786499
101888;11.6800003052;96878;49320;14752;815104;3633407590400;49804088
102016;11.2190008163;109929;60234;14542;816128;3642542489600;51282680
102144;11.0420007706;102988;52763;11609;817152;3651688857600;50214188
102272;13.1310005188;119933;63886;10485;818176;3660846694400;52296976
102400;11.0840005875;104322;55771;14107;819200;3670016000000;50657307
102528;11.0970001221;105249;53009;13719;820224;3679196774400;50610337
102656;11.3120002747;114432;66504;13837;821248;3688389017600;51682952
102784;11.2910003662;111960;66669;14814;822272;3697592729600;51607048
102912;14.7330007553;120240;71684;12288;823296;3706807910400;52726558
103040;14.1750011444;104174;66499;9886;824320;3716034560000;50659908
103168;11.3170003891;112680;63225;14781;825344;3725272678400;51656233
103296;11.1930007935;100880;56435;15138;826368;3734522265600;50507728
103424;11.1660003662;102322;51174;14498;827392;3743783321600;50959447
103552;11.0050001144;99479;47311;14248;828416;3753055846400;50291359
103680;14.5720005035;113243;63740;14267;829440;3762339840000;52241592
103808;14.7270002365;123496;61175;13732;830464;3771635302400;53442443
103936;12.7690010071;105818;57976;15206;831488;3780942233600;51751741
104064;11.1050004959;99450;47114;14197;832512;3790260633600;50583786
104192;11.7820005417;124667;66464;14062;833536;3799590502400;53974775
104320;11.2090005875;104316;54344;13372;834560;3808931840000;51133637
104448;11.2640008926;104003;56520;10800;835584;3818284646400;51437018
104576;11.4420003891;110754;54291;11166;836608;3827648921600;52207898
104704;11.4160003662;109377;47785;14928;837632;3837024665600;52019552
104832;11.5760002136;111319;58122;10900;838656;3846411878400;52811940
104960;11.1820001602;97446;45042;9943;839680;3855810560000;50868182
105088;11.7430009842;117384;62881;10532;840704;3865220710400;53445990
105216;15.0090007782;107028;51560;12095;841728;3874642329600;52356307
105344;11.4030008316;107491;55372;10969;842752;3884075417600;52088158
105472;11.2400007248;104286;55252;14217;843776;3893519974400;51497217
105600;13.9680004120;103493;50605;12466;844800;3902976000000;52184595
105728;11.5360002518;111615;59743;11383;845824;3912443494400;52643140
105856;11.4680004120;102847;56575;9880;846848;3921922457600;52184455
105984;12.0830001831;129772;62964;11724;847872;3931412889600;55184656
106112;11.8800001144;119887;56275;10733;848896;3940914790400;54199673
106240;11.4420003891;105031;57111;11706;849920;3950428160000;52146067
106368;11.9370002747;125101;80204;9677;850944;3959952998400;54440760
106496;11.5530004501;110138;53871;10710;851968;3969489305600;52787477
106624;11.3990001678;104055;57117;11516;852992;3979037081600;51927104
106752;11.6580009460;109768;54754;11504;854016;3988596326400;53071841
106880;11.5400009155;106880;51004;11243;855040;3998167040000;52697204
107008;11.5020008087;103989;51599;11488;856064;4007749222400;52574863
107136;11.6690006256;111708;57123;11065;857088;4017342873600;53284972
107264;11.7940006256;114653;55511;11340;858112;4026947993600;53718631
107392;11.5260009766;100461;51728;11673;859136;4036564582400;52325660
107520;11.8690004349;106188;52207;14152;860160;4046192640000;52514835
107648;14.9940004349;116175;68954;12532;861184;4055832166400;53998340
107776;11.6580009460;105458;48135;16816;862208;4065483161600;53024519
107904;11.9940004349;117429;68300;16165;863232;4075145625600;54534315
108032;11.7980003357;111229;58040;14547;864256;4084819558400;53753395
108160;12.0570001602;113777;60433;14581;865280;4094504960000;54285637
108288;11.7490005493;110113;54124;11689;866304;4104201830400;53651057
108416;11.8780002594;114325;53120;15596;867328;4113910169600;54148780
108544;11.9560003281;117821;64857;15139;868352;4123629977600;54450405
108672;11.8760004044;112603;63394;12205;869376;4133361254400;54328688
108800;11.9320001602;111465;56772;10992;870400;4143104000000;54350288
108928;11.6080007553;104746;49791;10905;871424;4152858214400;53163452
109056;12.2470006943;128941;77141;11780;872448;4162623897600;56200749
109184;11.8740005493;111134;56555;11238;873472;4172401049600;53798985
109312;12.0960006714;120122;62222;10685;874496;4182189670400;55228208
109440;12.0290002823;116006;64082;16389;875520;4191989760000;54663845
109568;11.6940002441;97810;48339;16674;876544;4201801318400;52745768
109696;11.8770008087;111586;62454;15484;877568;4211624345600;54153535
109824;11.9930009842;112874;57384;15238;878592;4221458841600;54519035
109952;15.0660009384;110510;57720;15803;879616;4231304806400;54342077
110080;14.9760007858;110739;52778;15107;880640;4241162240000;54230262
110208;11.8670005798;107090;53452;15190;881664;4251031142400;54144755
110336;12.5580005646;137100;82420;14893;882688;4260911513600;57477680
110464;11.9730005264;111475;54643;16116;883712;4270803353600;54618872
110592;15.0260009766;113637;54850;15958;884736;4280706662400;54718256
110720;12.0820007324;111736;56829;15172;885760;4290621440000;54758902
110848;11.8150005341;106015;53453;16148;886784;4300547686400;53850820
110976;11.8500003815;107278;56924;15503;887808;4310485401600;54091542
111104;12.7290010452;142176;88333;15454;888832;4320434585600;58129487
111232;11.8710002899;105532;51910;15869;889856;4330395238400;54209105
111360;11.8970003128;104340;53719;16355;890880;4340367360000;54020695
111488;12.2240009308;116731;61388;15867;891904;4350350950400;55882172
111616;11.9360008240;106091;54699;15659;892928;4360346009600;54461832
111744;12.9380006790;141976;70453;15384;893952;4370352537600;59110432
111872;12.1940002441;117476;63066;15269;894976;4380370534400;55670901
112000;12.3950004578;121117;66967;15749;896000;4390400000000;56159832
112128;12.8790006638;135068;72682;15337;897024;4400440934400;58020978
112256;12.4010009766;118846;55391;16365;898048;4410493337600;56275786
112384;12.2520008087;116838;57367;16187;899072;4420557209600;55857435
112512;12.3570003510;121028;64382;17049;900096;4430632550400;56526731
112640;12.2750005722;117564;56589;16353;901120;4440719360000;55752728
112768;12.4780006409;118736;58415;16525;902144;4450817638400;56556565
112896;12.3690004349;118886;67528;15898;903168;4460927385600;56276832
113024;12.2940006256;117945;66020;16258;904192;4471048601600;56098353
113152;15.3220005035;120430;67312;15425;905216;4481181286400;56167556
113280;12.4740009308;125576;65639;15923;906240;4491325440000;57133249
113408;12.2110004425;114000;57813;16550;907264;4501481062400;55710882
113536;12.3790006638;118306;62431;16325;908288;4511648153600;56535470
113664;12.0590009689;108233;52898;16094;909312;4521826713600;54977163
113792;12.6450004578;127565;66863;15135;910336;4532016742400;57927787
113920;12.3020009995;111391;64610;16383;911360;4542218240000;56112128
114048;12.4520006180;119683;60262;16525;912384;4552431206400;56708748
114176;12.3160009384;114848;56374;15774;913408;4562655641600;56246465
114304;13.3330001831;136817;97252;18102;914432;4572891545600;58411568
114432;12.2040004730;107920;51796;17701;915456;4583138918400;55625971
114560;12.6210002899;113707;59899;18865;916480;4593397760000;56272673
114688;12.6330003738;127493;70321;13131;917504;4603668070400;57831150
114816;15.5160007477;115370;57054;13557;918528;4613949849600;56732133
114944;16.6360015869;135758;81794;14715;919552;4624243097600;59370354
115072;12.3400001526;111015;59843;16695;920576;4634547814400;56279919
115200;12.5110006332;115881;56105;17135;921600;4644864000000;56947318
115328;12.3140001297;108603;54065;17163;922624;4655191654400;56070357
115456;12.9850006104;137995;80010;17033;923648;4665530777600;59153223
115584;12.5140008926;116576;55719;16647;924672;4675881369600;56993686
115712;12.7370004654;125343;66912;15916;925696;4686243430400;58167416
115840;12.5960006714;117633;58559;18173;926720;4696616960000;57378704
115968;13.1000003815;135127;79126;14982;927744;4707001958400;59463567
116096;12.3400001526;107625;47509;17730;928768;4717398425600;56034216
116224;12.5670003891;114550;55100;16548;929792;4727806361600;57301142
116352;14.1970005035;136045;82248;16352;930816;4738225766400;59063794
116480;16.0880012512;126868;63341;17261;931840;4748656640000;58949924
116608;12.6080007553;117553;53931;17326;932864;4759098982400;57523390
116736;13.0110006332;130122;67580;15260;933888;4769552793600;59367300
116864;12.8140010834;119955;63968;17921;934912;4780018073600;58334827
116992;12.6030006409;111124;56202;19108;935936;4790494822400;57127799
117120;12.6700010300;116995;56372;17320;936960;4800983040000;57426490
117248;13.3810005188;141478;85429;15056;937984;4811482726400;60965027
117376;12.6240005493;114795;55618;17585;939008;4821993881600;57525193
117504;12.7290010452;114774;61239;19079;940032;4832516505600;57677293
117632;12.5630006790;113541;54336;19316;941056;4843050598400;57154027
117760;12.8630008698;121487;60023;18735;942080;4853596160000;58544574
117888;12.9120006561;121770;67180;17829;943104;4864153190400;58578112
118016;12.7520008087;115319;62677;16653;944128;4874721689600;57871941
118144;13.1620006561;132008;64788;15532;945152;4885301657600;60107638
118272;13.3010005951;139392;73343;13269;946176;4895893094400;60817780
118400;16.4310016632;141657;72889;12875;947200;4906496000000;61206452
118528;16.3700008392;137066;80577;14902;948224;4917110374400;60543298
118656;13.4450006485;140288;80113;15673;949248;4927736217600;61351865
118784;13.4430007935;144907;79122;16332;950272;4938373529600;61515028
118912;13.0620002747;132018;67443;15947;951296;4949022310400;59930068
119040;13.2710008621;133935;75402;15829;952320;4959682560000;60689273
119168;12.7580003738;114277;59380;13022;953344;4970354278400;58214124
119296;12.8610010147;122420;63131;12821;954368;4981037465600;58758835
119424;12.8450002670;117050;52938;11937;955392;4991732121600;58498671
119552;12.8160009384;111882;56006;13679;956416;5002438246400;57909526
119680;13.3080005646;135995;65727;12434;957440;5013155840000;60679032
119808;13.3720006943;128970;64097;11762;958464;5023884902400;60294420
119936;16.2560005188;129102;77841;15345;959488;5034625433600;60144245
120064;13.2960004807;132784;73831;17393;960512;5045377433600;60864676
120192;13.1060009003;119531;57767;19252;961536;5056140902400;59530814
120320;13.3270006180;134405;68484;16687;962560;5066915840000;60698852
120448;13.0640010834;121709;62209;16354;963584;5077702246400;59579003
120576;12.8740005493;112488;52684;19139;964608;5088500121600;58497883
120704;13.2410001755;129644;66998;18913;965632;5099309465600;60417443
120832;13.7650003433;143193;88095;16270;966656;5110130278400;62588023
120960;13.2830009460;123245;60867;17199;967680;5120962560000;60586672
121088;13.5700006485;139503;80271;17936;968704;5131806310400;61933391
121216;13.3930006027;135979;74876;17907;969728;5142661529600;61276947
121344;13.2930002213;126677;69304;18178;970752;5153528217600;60336671
121472;13.5430002213;135796;74371;15842;971776;5164406374400;61547533
121600;13.3230009079;113781;62249;19150;972800;5175296000000;59439383
121728;13.3970003128;126883;64553;17654;973824;5186197094400;60680385
121856;13.3140010834;125095;57314;17400;974848;5197109657600;60555034
121984;13.2710008621;124087;70542;16977;975872;5208033689600;60489410
122112;13.1000003815;118150;59754;17745;976896;5218969190400;59851678
122240;13.5070009232;131748;74614;16927;977920;5229916160000;61399933
122368;12.9340009689;110054;53057;19405;978944;5240874598400;58743523
122496;14.4700002670;175335;115833;16823;979968;5251844505600;66262717
122624;13.1880006790;114857;57548;20253;980992;5262825881600;59752553
122752;13.4150009155;128330;68267;17411;982016;5273818726400;60878401
122880;13.6590003967;134926;71531;18631;983040;5284823040000;62066421
123008;13.3430004120;120906;62001;19031;984064;5295838822400;60725466
123136;13.6610002518;138385;77435;17987;985088;5306866073600;62404709
123264;13.3210010529;127091;66814;17336;986112;5317904793600;60933670
123392;13.3320007324;118183;58576;19114;987136;5328954982400;60505047
123520;13.3330001831;124522;69856;18079;988160;5340016640000;60733628
123648;13.3510007858;121506;64006;17662;989184;5351089766400;60731877
123776;13.6650009155;127179;65930;13714;990208;5362174361600;61685238
123904;13.3420009613;122423;61343;14296;991232;5373270425600;60859455
124032;17.2350006104;138945;89404;14297;992256;5384377958400;63082304
124160;14.6780004501;124260;68705;17010;993280;5395496960000;60763473
124288;13.7520008087;134695;67861;13212;994304;5406627430400;62960950
124416;15.7850008011;129089;75154;15713;995328;5417769369600;61554673
124544;13.5620002747;130048;70161;17593;996352;5428922777600;62063291
124672;17.0729999542;139265;80686;17963;997376;5440087654400;63569705
124800;14.3340005875;151036;90944;18274;998400;5451264000000;64809006
124928;14.2040004730;152274;89422;16362;999424;5462451814400;65006111
125056;13.7240009308;134757;65412;18877;1000448;5473651097600;62630072
125184;13.7230005264;127924;62904;18930;1001472;5484861849600;61981380
125312;13.7640008926;135655;67666;17639;1002496;5496084070400;62890245
125440;13.9540004730;134978;63493;18932;1003520;5507317760000;62934751
125568;13.4630002975;116351;56963;20056;1004544;5518562918400;61014153
125696;13.8750009537;135981;74003;19704;1005568;5529819545600;63122154
125824;13.6540002823;124172;60462;18998;1006592;5541087641600;61584427
125952;13.7480010986;131723;68440;15932;1007616;5552367206400;62824350
126080;13.7200002670;127480;59381;13151;1008640;5563658240000;62265464
126208;13.6960010529;127097;65152;12979;1009664;5574960742400;62495764
126336;13.9730005264;136543;74313;12921;1010688;5586274713600;63653320
126464;14.2040004730;146640;79618;19500;1011712;5597600153600;64874391
126592;13.9160003662;136025;82880;17600;1012736;5608937062400;63420036
126720;13.7700004578;132449;75283;18682;1013760;5620285440000;62692815
126848;14.0680007935;140983;66226;18901;1014784;5631645286400;64294962
126976;13.6230010986;126353;62652;14311;1015808;5643016601600;62324178
127104;16.9720001221;130828;67418;16767;1016832;5654399385600;63228023
127232;16.7950000763;127561;70126;16381;1017856;5665793638400;62726892
127360;14.3200006485;149804;93320;12785;1018880;5677199360000;65586026
127488;14.2460002899;151624;88608;17001;1019904;5688616550400;65342185
127616;13.8120002747;130860;71096;18409;1020928;5700045209600;63081793
127744;14.1680002213;143100;81198;19049;1021952;5711485337600;64601899
127872;15.1480007172;142891;87925;14039;1022976;5722936934400;64630291
128000;16.2980003357;132817;72048;15020;1024000;5734400000000;63585482
