array_size;time_spent(s);PAPI_L1_TCM;PAPI_L2_TCM;PAPI_L3_TCM;DATA_BYTES;NUM_INSTRUCTIONS;PAPI_TOT_INS
2048;0.3180000186;455;179;23;16384;1468006400;779146
2176;0.3340000212;503;217;26;17408;1657241600;820309
2304;0.1650000066;508;189;25;18432;1857945600;892466
2432;0.1720000058;502;182;17;19456;2070118400;918713
2560;0.1860000044;499;211;16;20480;2293760000;958068
2688;0.2090000063;577;231;21;21504;2528870400;1050256
2816;0.4750000238;592;200;26;22528;2775449600;1181228
2944;0.3000000119;578;189;14;23552;3033497600;1150234
3072;0.4850000143;634;186;24;24576;3303014400;1193589
3200;0.2340000123;649;185;26;25600;3584000000;1262167
3328;0.5230000019;670;185;15;26624;3876454400;1296888
3456;0.4040000141;693;248;25;27648;4180377600;1363125
3584;0.2730000019;693;186;25;28672;4495769600;1431479
3712;0.2770000100;723;250;21;29696;4822630400;1461311
3840;0.2980000079;784;205;24;30720;5160960000;1672166
3968;0.3370000124;802;204;25;31744;5510758400;1624846
4096;0.2930000126;792;185;28;32768;5872025600;1580611
4224;0.3080000281;861;253;24;33792;6244761600;1667185
4352;0.3170000017;885;223;12;34816;6628966400;1714431
4480;0.5910000205;1060;228;12;35840;7024640000;1832986
4608;0.3250000179;1294;231;9;36864;7431782400;1861456
4736;0.3710000217;1083;232;20;37888;7850393600;1904033
4864;0.7030000091;1498;256;17;38912;8280473600;1924169
4992;0.3360000253;1140;245;27;39936;8722022400;1974111
5120;0.4040000141;1315;207;22;40960;9175040000;2071555
5248;0.4140000343;1257;241;22;41984;9639526400;2110278
5376;0.3930000067;1279;252;19;43008;10115481600;2144711
5504;0.4300000072;1503;250;25;44032;10602905600;2200765
5632;0.9200000167;1360;265;20;45056;11101798400;2283626
5760;0.8160000443;1405;241;15;46080;11612160000;2300205
5888;0.4390000105;1895;253;21;47104;12133990400;2389214
6016;0.5060000420;1566;242;14;48128;12667289600;2518852
6144;0.4660000205;2058;286;41;49152;13212057600;2545021
6272;0.4800000191;2304;227;19;50176;13768294400;2625359
6400;0.4990000129;1871;253;32;51200;14336000000;2643721
6528;0.5120000243;1991;236;20;52224;14915174400;2616699
6656;1.1700000763;2422;415;27;53248;15505817600;2737654
6784;0.9620000720;2612;375;9;54272;16107929600;2778349
6912;1.1330000162;2263;253;16;55296;16721510400;2842412
7040;0.5820000172;1943;289;9;56320;17346560000;2898194
7168;0.5980000496;2028;265;6;57344;17983078400;2980224
7296;0.7730000615;2591;314;12;58368;18631065600;2979765
7424;0.5700000525;3050;333;6;59392;19290521600;3061806
7552;1.1529999971;3359;313;15;60416;19961446400;3207830
7680;0.5400000215;2537;283;20;61440;20643840000;3217930
7808;0.6550000310;3135;331;20;62464;21337702400;3274047
7936;0.6430000067;2591;289;14;63488;22043033600;3215947
8064;0.7650000453;4395;330;21;64512;22759833600;3477131
8192;0.7940000296;3509;325;25;65536;23488102400;3619035
8320;0.6510000229;3973;341;18;66560;24227840000;3580192
8448;0.7150000334;3218;327;26;67584;24979046400;3599211
8576;0.6570000052;3124;312;20;68608;25741721600;3617532
8704;0.9810000658;2917;318;25;69632;26515865600;3673198
8832;0.6980000138;3819;343;25;70656;27301478400;3729600
8960;0.9490000606;3258;355;22;71680;28098560000;3667882
9088;0.7310000062;3706;331;20;72704;28907110400;3893788
9216;0.7340000272;3791;401;13;73728;29727129600;3843067
9344;0.7290000319;4161;338;21;74752;30558617600;3976677
9472;0.7180000544;3496;313;18;75776;31401574400;3930703
9600;1.4930000305;3760;380;19;76800;32256000000;3888450
9728;0.7100000381;4802;331;12;77824;33121894400;4212971
9856;0.8620000482;3705;324;14;78848;33999257600;4169379
9984;1.0500000715;4290;356;11;79872;34888089600;4164576
10112;0.7980000377;3848;377;12;80896;35788390400;4273711
10240;0.8050000668;4209;466;15;81920;36700160000;4261898
10368;0.7960000634;4308;399;27;82944;37623398400;4381804
10496;0.8090000153;4749;344;13;83968;38558105600;4448512
10624;0.8780000210;4021;378;23;84992;39504281600;4553681
10752;0.9200000167;6965;398;19;86016;40461926400;4773811
10880;1.8040001392;4481;380;16;87040;41431040000;4538463
11008;1.3260000944;4047;365;22;88064;42411622400;4585533
11136;0.8350000381;4862;345;22;89088;43403673600;4706994
11264;1.8690000772;5085;427;16;90112;44407193600;4988672
11392;0.8320000172;5262;398;11;91136;45422182400;4932314
11520;0.9660000205;4575;389;23;92160;46448640000;4850988
11648;0.9630000591;6797;418;15;93184;47486566400;5145888
11776;0.9040000439;6145;397;21;94208;48535961600;5094132
11904;2.0160000324;5702;568;18;95232;49596825600;5076401
12032;0.9190000296;5050;379;10;96256;50669158400;5051237
12160;1.0140000582;8487;356;16;97280;51752960000;5607221
12288;0.9360000491;4816;400;25;98304;52848230400;5170895
12416;0.9860000610;5521;448;25;99328;53954969600;5228167
12544;0.9880000353;7274;418;24;100352;55073177600;5440913
12672;1.0190000534;6326;397;14;101376;56202854400;5411579
12800;1.0340000391;5335;433;28;102400;57344000000;5536425
12928;1.5300000906;6091;398;25;103424;58496614400;5528687
13056;1.0020000935;6917;416;18;104448;59660697600;5676056
13184;1.2800000906;7806;412;9;105472;60836249600;5853530
13312;1.0900000334;7739;496;10;106496;62023270400;5825373
13440;2.1500000954;5547;499;17;107520;63221760000;5719249
13568;1.0970000029;6852;432;14;108544;64431718400;5873797
13696;1.0810000896;8052;417;22;109568;65653145600;6130644
13824;2.0720000267;8117;697;27;110592;66886041600;6011323
13952;1.0970000029;7555;428;24;111616;68130406400;6074092
14080;1.0860000849;6615;424;21;112640;69386240000;6136563
14208;1.1440000534;8023;548;23;113664;70653542400;6275122
14336;1.0410000086;7438;438;18;114688;71932313600;6207477
14464;1.2160000801;9536;464;19;115712;73222553600;6557004
14592;1.1810001135;6125;466;25;116736;74524262400;6316889
14720;1.0710000992;6805;445;16;117760;75837440000;6343816
14848;1.0820000172;8348;428;10;118784;77162086400;6497728
14976;1.2360000610;6482;450;20;119808;78498201600;6415889
15104;1.2300000191;7771;463;20;120832;79845785600;6584228
15232;2.0670001507;7164;625;25;121856;81204838400;6462403
15360;2.0260000229;8112;575;21;122880;82575360000;6710367
15488;1.2230000496;11930;519;8;123904;83957350400;7103950
15616;1.3330000639;10207;487;20;124928;85350809600;6934453
15744;1.1560000181;7497;458;11;125952;86755737600;6705776
15872;1.3100000620;7157;485;22;126976;88172134400;7009884
16000;1.2680000067;7577;506;10;128000;89600000000;6766795
16128;1.1960000992;9629;548;17;129024;91039334400;7133915
16256;1.2010000944;9581;458;18;130048;92490137600;7200738
16384;1.2930001020;9242;471;13;131072;93952409600;7152645
16512;1.4850000143;8845;561;17;132096;95426150400;7230277
16640;1.3790000677;10479;557;17;133120;96911360000;7385022
16768;1.3290001154;9147;530;12;134144;98408038400;7535752
16896;1.4100000858;10397;478;18;135168;99916185600;7572621
17024;1.3930000067;7703;481;11;136192;101435801600;7440460
17152;1.3919677734;9543;675;9;137216;102966886400;7400825
17280;1.4520000219;10195;558;9;138240;104509440000;7790817
17408;1.9860000610;10292;514;17;139264;106063462400;7844143
17536;1.3540000916;10799;646;23;140288;107628953600;7652304
17664;1.7480000257;9170;675;20;141312;109205913600;7661950
17792;1.4710000753;9652;561;12;142336;110794342400;7900180
17920;1.4490001202;10541;653;16;143360;112394240000;7995736
18048;1.4940000772;10232;765;10;144384;114005606400;7984844
18176;1.4430000782;8991;553;13;145408;115628441600;7748830
18304;1.4340000153;11075;522;16;146432;117262745600;8111008
18432;1.3540000916;10515;545;20;147456;118908518400;8100976
18560;2.1119999886;9785;532;14;148480;120565760000;7994805
18688;1.5260000229;13203;682;10;149504;122234470400;8670749
18816;1.5490000248;11066;585;11;150528;123914649600;8305066
18944;1.4810000658;9470;552;9;151552;125606297600;8165178
19072;3.2750000954;10460;768;18;152576;127309414400;8388094
19200;1.5260000229;12761;505;8;153600;129024000000;8661289
19328;1.5040000677;9945;584;17;154624;130750054400;8480581
19456;1.5110000372;11105;549;9;155648;132487577600;8567791
19584;1.5960000753;13205;729;10;156672;134236569600;8655233
19712;1.5940001011;10136;569;20;157696;135997030400;8548983
19840;3.5250000954;13122;666;14;158720;137768960000;8887819
19968;1.8220001459;12027;549;22;159744;139552358400;8899900
20096;2.0000000000;13288;727;15;160768;141347225600;9187639
20224;2.1400001049;11044;618;18;161792;143153561600;8787004
20352;1.9510000944;13108;565;12;162816;144971366400;9243183
20480;1.6960000992;11574;649;18;163840;146800640000;9126103
20608;1.6750000715;12409;671;16;164864;148641382400;9326215
20736;1.6990001202;15505;690;15;165888;150493593600;9545782
20864;1.6330001354;10756;610;12;166912;152357273600;9000609
20992;1.5400000811;10505;604;19;167936;154232422400;8987942
21120;1.7570000887;13642;596;26;168960;156119040000;9463647
21248;1.7460000515;12530;738;17;169984;158017126400;9356696
21376;3.8280000687;13634;839;19;171008;159926681600;9586303
21504;3.8090002537;13368;624;28;172032;161847705600;9620544
21632;2.2139999866;17089;1022;20;173056;163780198400;9957669
21760;1.7810001373;12236;579;16;174080;165724160000;9584747
21888;1.8140001297;14107;926;11;175104;167679590400;9890777
22016;1.8240001202;13234;660;9;176128;169646489600;9784445
22144;2.8070001602;16416;676;20;177152;171624857600;10139714
22272;1.9350000620;16367;667;31;178176;173614694400;10341319
22400;2.3170001507;13104;716;15;179200;175616000000;9904155
22528;1.8460000753;14871;792;25;180224;177628774400;10187811
22656;3.9400002956;11336;858;15;181248;179653017600;9841922
22784;1.7390000820;12267;864;8;182272;181688729600;10207852
22912;4.0430002213;13740;651;15;183296;183735910400;10191694
23040;1.7130000591;13338;674;14;184320;185794560000;10270951
23168;1.9280000925;13764;763;15;185344;187864678400;10160849
23296;1.8720000982;14841;643;9;186368;189946265600;10334002
23424;1.7610000372;13306;535;8;187392;192039321600;10604682
23552;1.9510000944;13970;717;24;188416;194143846400;10439617
23680;3.5800001621;14447;857;26;189440;196259840000;10504142
23808;1.9210001230;15487;645;17;190464;198387302400;10648002
23936;2.5480000973;16714;946;18;191488;200526233600;10811917
24064;1.7870000601;14677;750;9;192512;202676633600;10694839
24192;1.9760000706;14834;978;19;193536;204838502400;10766468
24320;4.4300003052;16620;774;16;194560;207011840000;11205178
24448;1.7780001163;13721;675;24;195584;209196646400;10689733
24576;2.0980000496;17495;921;13;196608;211392921600;11220766
24704;2.0270001888;13819;625;21;197632;213600665600;10878132
24832;2.0410001278;15059;769;23;198656;215819878400;10899142
24960;4.3330001831;15168;703;17;199680;218050560000;10991307
25088;2.3890001774;16063;1074;16;200704;220292710400;11283863
25216;1.8560000658;14539;685;22;201728;222546329600;11150807
25344;2.1410000324;15380;985;12;202752;224811417600;11356629
25472;4.5600004196;15999;686;24;203776;227087974400;11530447
25600;2.1380000114;19547;815;17;204800;229376000000;11889454
25728;2.1130001545;18813;880;13;205824;231675494400;11715301
25856;2.0170001984;21305;583;7;206848;233986457600;12142871
25984;2.1190001965;17124;845;13;207872;236308889600;11606249
26112;2.1670000553;19118;722;12;208896;238642790400;11986917
26240;3.0860002041;17297;975;12;209920;240988160000;12059471
26368;1.9460000992;16245;635;16;210944;243344998400;11717815
26496;2.2300000191;15275;1097;16;211968;245713305600;11792825
26624;2.2920000553;18460;843;25;212992;248093081600;12120742
26752;2.2870001793;18932;764;17;214016;250484326400;12313438
26880;2.1820001602;17465;1062;17;215040;252887040000;12084637
27008;2.1809999943;16679;817;23;216064;255301222400;12251689
27136;2.2790000439;20912;738;13;217088;257726873600;12699052
27264;4.9670000076;19343;1146;24;218112;260163993600;12389319
27392;2.8600001335;17034;757;20;219136;262612582400;12175630
27520;5.0480003357;22231;1102;19;220160;265072640000;12770481
27648;2.0970001221;16332;786;24;221184;267544166400;12200276
27776;5.1710004807;22596;835;22;222208;270027161600;13082167
27904;2.1710000038;18964;784;16;223232;272521625600;12709075
28032;2.3680000305;18492;726;15;224256;275027558400;12775183
28160;2.3000001907;21534;715;25;225280;277544960000;13107009
28288;3.9590001106;20274;1074;15;226304;280073830400;13016374
28416;2.3850002289;18652;715;18;227328;282614169600;12803148
28544;2.4070000648;21742;739;23;228352;285165977600;13299139
28672;2.4880001545;23747;636;13;229376;287729254400;13466708
28800;2.3120000362;22532;1190;14;230400;290304000000;13513055
28928;2.4210000038;19094;930;14;231424;292890214400;13164929
29056;2.4510002136;21406;751;16;232448;295487897600;13423642
29184;2.4110000134;18569;658;15;233472;298097049600;13394253
29312;3.8600001335;20358;830;16;234496;300717670400;13353769
29440;2.1650002003;17825;824;9;235520;303349760000;13012678
29568;2.5350000858;22011;983;18;236544;305993318400;13574995
29696;2.8170001507;22779;1011;7;237568;308648345600;13820368
29824;2.5260000229;19424;987;12;238592;311314841600;13532078
29952;2.2369999886;20509;687;11;239616;313992806400;13445818
30080;2.6510000229;25358;1174;7;240640;316682240000;14214491
30208;2.5710000992;25601;1002;7;241664;319383142400;14274724
30336;2.5790002346;21296;889;15;242688;322095513600;13842917
30464;2.4750001431;29740;893;9;243712;324819353600;14947432
30592;2.5470001698;19139;735;22;244736;327554662400;13694842
30720;5.6480002403;22293;1118;18;245760;330301440000;14210938
30848;2.5370001793;17978;988;12;246784;333059686400;13626748
30976;3.6370000839;24164;1036;19;247808;335829401600;14389758
31104;2.4550001621;20308;1133;16;248832;338610585600;13898974
31232;2.5310001373;18081;975;16;249856;341403238400;13909027
31360;2.5880000591;21187;636;12;250880;344207360000;14326722
31488;2.6090002060;21425;692;12;251904;347022950400;14080699
31616;2.7170002460;23789;1041;12;252928;349850009600;14570366
31744;2.7030000687;25211;1062;13;253952;352688537600;14839595
31872;3.7110002041;23082;1184;8;254976;355538534400;14572312
32000;2.6580002308;23225;1085;12;256000;358400000000;14723039
32128;2.4090001583;22320;851;15;257024;361272934400;14465074
32256;2.6780002117;24136;954;17;258048;364157337600;14837974
32384;2.7990000248;23110;1060;16;259072;367053209600;14683601
32512;2.6320002079;28327;911;19;260096;369960550400;15484522
32640;2.8500001431;26001;834;16;261120;372879360000;15398146
32768;2.5570001602;22096;720;24;262144;375809638400;14958683
32896;2.4970002174;21728;872;25;263168;378751385600;14747707
33024;2.9750001431;25143;973;17;264192;381704601600;15460017
33152;2.8300001621;23493;1027;16;265216;384669286400;15216955
33280;2.8560001850;23369;1027;20;266240;387645440000;15404578
33408;3.8760001659;23549;1033;26;267264;390633062400;15309692
33536;4.1980004311;29213;1167;28;268288;393632153600;15918283
33664;2.8450000286;23411;853;25;269312;396642713600;15316532
33792;2.7140002251;23792;805;20;270336;399664742400;15469145
33920;2.6320002079;21344;860;13;271360;402698240000;15172780
34048;2.7320001125;24252;1212;13;272384;405743206400;15685721
34176;3.0990002155;24242;1134;13;273408;408799641600;15653098
34304;2.5810000896;21929;836;30;274432;411867545600;15262394
34432;2.9580001831;23716;939;16;275456;414946918400;15459589
34560;2.7660000324;27474;934;32;276480;418037760000;16245057
34688;2.9080002308;26286;924;23;277504;421140070400;16035873
34816;3.7150001526;23984;962;19;278528;424253849600;15853385
34944;2.8470001221;23790;1212;15;279552;427379097600;15943297
35072;6.2330002785;22434;1022;19;280576;430515814400;15737583
35200;2.9260001183;28591;1196;18;281600;433664000000;16572918
35328;3.0430002213;22813;901;20;282624;436823654400;16008949
35456;2.8510000706;26540;1140;14;283648;439994777600;16273961
35584;2.9270000458;25072;1198;17;284672;443177369600;16335403
35712;3.3340001106;38666;2529;38;285696;446371430400;17180773
35840;4.2860002518;28162;1019;17;286720;449576960000;16739834
35968;3.1700000763;27838;1354;22;287744;452793958400;16570482
36096;3.0850000381;25466;979;21;288768;456022425600;16632856
36224;3.0080001354;22968;1128;22;289792;459262361600;16545512
36352;3.4840002060;24048;770;27;290816;462513766400;16519177
36480;3.6350002289;27274;1293;19;291840;465776640000;16852252
36608;2.8020000458;28008;780;18;292864;469050982400;16901187
36736;3.3060002327;31963;965;11;293888;472336793600;17193625
36864;4.2550001144;31196;1180;18;294912;475634073600;17511554
36992;2.8700001240;25237;1106;17;295936;478942822400;17083337
37120;3.7310001850;31149;1322;16;296960;482263040000;17657011
37248;2.9020001888;27153;975;28;297984;485594726400;17160884
37376;3.2690000534;29662;1235;17;299008;488937881600;17581465
37504;4.5870003700;32068;1440;22;300032;492292505600;17841619
37632;2.9760000706;30959;1199;19;301056;495658598400;17646007
37760;3.1890001297;29558;1242;21;302080;499036160000;17543452
37888;3.0450000763;26731;1059;18;303104;502425190400;17201605
38016;3.2790000439;29464;1025;19;304128;505825689600;17673083
38144;3.5820002556;29495;1123;12;305152;509237657600;18159820
38272;2.9700000286;30958;920;29;306176;512661094400;17915886
38400;3.2750000954;27785;1030;14;307200;516096000000;17668373
38528;3.5010001659;29811;1153;12;308224;519542374400;18171150
38656;3.0480000973;30364;860;33;309248;523000217600;18043559
38784;3.4170000553;27813;1194;23;310272;526469529600;17871032
38912;3.1810002327;33395;1174;21;311296;529950310400;18266158
39040;3.6510002613;31755;1375;12;312320;533442560000;18536997
39168;3.2550001144;27536;1108;20;313344;536946278400;18020493
39296;7.2250003815;30578;1343;26;314368;540461465600;18275178
39424;4.3200001717;31337;1090;16;315392;543988121600;18458541
39552;3.3980002403;26115;941;15;316416;547526246400;18056665
39680;4.0529999733;28549;1216;14;317440;551075840000;18345587
39808;3.5940001011;28387;875;20;318464;554636902400;18227082
39936;3.5100002289;32131;1341;17;319488;558209433600;18858159
40064;3.1970002651;33999;1334;25;320512;561793433600;19158984
40192;3.4820001125;30969;1273;16;321536;565388902400;18710966
40320;4.6280002594;28421;1171;19;322560;568995840000;18295059
40448;3.8000001907;40499;1440;18;323584;572614246400;19905390
40576;3.5470001698;32434;1256;25;324608;576244121600;19075142
40704;3.4090001583;29660;1202;13;325632;579885465600;18664586
40832;3.5220000744;30248;1020;31;326656;583538278400;19033229
40960;6.2340002060;33098;1388;15;327680;587202560000;19210964
41088;3.2190001011;31225;1011;17;328704;590878310400;19010744
41216;7.7860002518;36603;1577;23;329728;594565529600;19767310
41344;4.6450004578;27209;1242;21;330752;598264217600;18807390
41472;3.1790001392;30434;869;10;331776;601974374400;19203307
41600;3.7520000935;34401;1297;10;332800;605696000000;19636535
41728;3.4990000725;34010;1232;21;333824;609429094400;19720443
41856;6.2080001831;34219;1566;18;334848;613173657600;19783953
41984;3.5060002804;32138;1033;30;335872;616929689600;19366396
42112;4.6500000954;34748;1248;17;336896;620697190400;19939195
42240;3.6780002117;32114;930;24;337920;624476160000;19731067
42368;3.7660002708;37950;1421;23;338944;628266598400;20382402
42496;3.5400002003;30655;1259;26;339968;632068505600;19727139
42624;3.8800001144;39677;1505;19;340992;635881881600;20735253
42752;3.6440002918;27118;949;19;342016;639706726400;19028404
42880;3.3960001469;29503;1218;23;343040;643543040000;19543957
43008;5.6880002022;39917;1582;13;344064;647390822400;20764184
43136;3.3780002594;32438;1145;19;345088;651250073600;19875826
43264;3.7660002708;33995;1283;20;346112;655120793600;20291806
43392;3.7530002594;30768;1055;28;347136;659002982400;20247216
43520;3.7790002823;33622;1211;17;348160;662896640000;20392668
43648;4.2130002975;37534;1630;16;349184;666801766400;20722705
43776;3.7180001736;36837;1495;16;350208;670718361600;20620294
43904;4.3170003891;46895;1734;24;351232;674646425600;22110999
44032;3.8730001450;33939;1188;27;352256;678585958400;20284764
44160;3.5920002460;31386;1130;15;353280;682536960000;20262814
44288;4.0980000496;41437;1222;23;354304;686499430400;21509949
44416;3.3480000496;30215;927;16;355328;690473369600;20248999
44544;3.9480001926;33492;1236;13;356352;694458777600;20618247
44672;4.3619999886;41802;1389;22;357376;698455654400;21490188
44800;3.7950000763;35419;1399;23;358400;702464000000;20811354
44928;3.9240002632;37950;1261;16;359424;706483814400;21226302
45056;5.0270004272;42457;1525;20;360448;710515097600;21893996
45184;3.6860001087;36057;1308;13;361472;714557849600;21174083
45312;3.5330002308;35834;1259;24;362496;718612070400;21149159
45440;4.0190000534;34065;1197;21;363520;722677760000;21052420
45568;3.9580001831;36096;1583;20;364544;726754918400;21419736
45696;3.7290000916;33695;1317;18;365568;730843545600;21032489
45824;3.9380002022;40061;1392;22;366592;734943641600;21921469
45952;4.1920003891;39103;1222;42;367616;739055206400;22013383
46080;3.6930000782;34402;1321;28;368640;743178240000;21365509
46208;5.3490004539;48581;1906;19;369664;747312742400;23015415
46336;5.8420004845;41260;1654;25;370688;751458713600;22130320
46464;3.8290002346;36577;1491;14;371712;755616153600;21759581
46592;4.0370001793;35304;1117;16;372736;759785062400;21744556
46720;3.8320002556;34848;1292;9;373760;763965440000;21682016
46848;4.0690002441;35574;1223;16;374784;768157286400;21769127
46976;3.8480002880;34691;1362;10;375808;772360601600;21561889
47104;4.2109999657;43752;1572;22;376832;776575385600;22688148
47232;6.2310004234;37393;1481;17;377856;780801638400;22135334
47360;3.8180000782;43893;1281;15;378880;785039360000;22787689
47488;5.4300003052;38634;1589;22;379904;789288550400;22345695
47616;8.1290006638;39397;1451;23;380928;793549209600;22429776
47744;5.0060000420;39456;1618;31;381952;797821337600;22421352
47872;7.0920004845;36340;1697;21;382976;802104934400;22275814
48000;4.0100002289;35475;1558;20;384000;806400000000;22340257
48128;3.9350001812;38263;1474;16;385024;810706534400;22388823
48256;3.9500002861;42628;1643;22;386048;815024537600;23075137
48384;4.3390002251;40752;1773;10;387072;819354009600;22942353
48512;4.0480003357;36757;1413;22;388096;823694950400;22450703
48640;4.2970004082;41227;1638;19;389120;828047360000;23049370
48768;3.7840001583;39309;1389;20;390144;832411238400;22602424
48896;8.2569999695;42714;1681;28;391168;836786585600;23126178
49024;3.8520002365;38780;1592;16;392192;841173401600;23092814
49152;4.7750000954;44152;1765;15;393216;845571686400;23668978
49280;4.4630002975;41211;1904;21;394240;849981440000;23313373
49408;4.0890002251;43090;1673;19;395264;854402662400;23360512
49536;4.0950002670;39615;1447;23;396288;858835353600;23345716
49664;4.2780003548;42016;1713;13;397312;863279513600;23665034
49792;4.2080001831;47286;1569;18;398336;867735142400;24041710
49920;4.1470003128;44582;1473;20;399360;872202240000;24032154
50048;4.7530002594;38784;1631;18;400384;876680806400;23381747
50176;6.3660001755;37584;1314;16;401408;881170841600;23189355
50304;4.0520000458;44439;1553;18;402432;885672345600;24033876
50432;5.0490002632;40762;1512;18;403456;890185318400;23678446
50560;4.3280000687;36501;1287;10;404480;894709760000;22932498
50688;4.6540002823;52983;1365;13;405504;899245670400;25218476
50816;7.8310003281;44294;2053;16;406528;903793049600;23989285
50944;4.4760003090;55280;2080;15;407552;908351897600;25682349
51072;4.3960003853;44784;1415;15;408576;912922214400;24374659
51200;4.6140003204;49470;1947;19;409600;917504000000;25015420
51328;4.4170002937;52051;1668;17;410624;922097254400;25316514
51456;4.6980004311;49926;1826;12;411648;926701977600;25199333
51584;4.4890003204;42162;1380;18;412672;931318169600;24249560
51712;4.2690000534;46994;1465;22;413696;935945830400;24993034
51840;4.4800000191;45745;1445;16;414720;940584960000;24673367
51968;4.1370000839;45255;1587;23;415744;945235558400;24909595
52096;4.4440002441;43832;1700;26;416768;949897625600;24818692
52224;4.0610003471;39272;1579;14;417792;954571161600;24227787
52352;4.2330002785;37864;1522;8;418816;959256166400;24032089
52480;4.2880001068;39426;1449;9;419840;963952640000;24480523
52608;5.3550000191;40905;1711;19;420864;968660582400;24555241
52736;4.8310003281;47829;1563;22;421888;973379993600;25410323
52864;4.6000003815;37700;1269;21;422912;978110873600;24014377
52992;4.5610003471;40460;1523;24;423936;982853222400;24614008
53120;5.4730000496;46650;2270;21;424960;987607040000;25196470
53248;4.8140001297;41915;1311;20;425984;992372326400;25088663
53376;4.4640002251;41735;1537;16;427008;997149081600;24934547
53504;4.8310003281;59421;2216;10;428032;1001937305600;27004745
53632;4.6010003090;45624;1885;25;429056;1006736998400;25493532
53760;4.8970003128;52725;1930;31;430080;1011548160000;26484948
53888;4.2320003510;43089;1180;18;431104;1016370790400;25276792
54016;4.8080000877;52382;1818;26;432128;1021204889600;26187782
54144;4.5070004463;46158;1573;17;433152;1026050457600;25789374
54272;8.5220003128;41831;1624;16;434176;1030907494400;25119119
54400;5.2020001411;54583;1928;27;435200;1035776000000;26706350
54528;4.2390003204;43405;1600;15;436224;1040655974400;25395751
54656;4.5540003777;45457;1642;23;437248;1045547417600;25879798
54784;4.2490000725;40856;1328;16;438272;1050450329600;25346956
54912;4.4440002441;42083;1631;18;439296;1055364710400;25329568
55040;10.3960008621;48211;1800;19;440320;1060290560000;26165772
55168;7.1510004997;57481;2283;26;441344;1065227878400;27400492
55296;9.4440002441;43571;1704;25;442368;1070176665600;25700870
55424;4.6470003128;44697;1530;26;443392;1075136921600;26064039
55552;4.8160004616;44930;1594;21;444416;1080108646400;26080430
55680;4.8800001144;46674;1498;21;445440;1085091840000;26281785
55808;4.6500000954;45360;1543;23;446464;1090086502400;26432644
55936;4.9530000687;48448;1715;21;447488;1095092633600;26837157
56064;4.7990002632;42487;1801;26;448512;1100110233600;25857784
56192;4.6830000877;44105;1409;26;449536;1105139302400;26335460
56320;4.5650000572;51149;1455;22;450560;1110179840000;27129558
56448;4.6130003929;43426;1468;21;451584;1115231846400;26177239
56576;4.4800000191;46373;1294;26;452608;1120295321600;26792685
56704;5.0260000229;50014;1662;14;453632;1125370265600;27086687
56832;4.7530002594;42992;1543;23;454656;1130456678400;26502848
56960;4.9680004120;47649;1265;17;455680;1135554560000;26909846
57088;5.3110003471;47344;1447;28;456704;1140663910400;27052663
57216;10.9260005951;50090;2124;17;457728;1145784729600;27275654
57344;5.6080002785;44061;1843;15;458752;1150917017600;26800309
57472;7.2770004272;54116;2290;11;459776;1156060774400;27821179
57600;4.8200001717;52157;1655;25;460800;1161216000000;27613466
57728;4.8870000839;50539;1884;15;461824;1166382694400;27704032
57856;4.5850000381;47471;1628;20;462848;1171560857600;27272820
57984;4.9670000076;52664;1603;20;463872;1176750489600;27884107
58112;4.6770000458;49323;1669;17;464896;1181951590400;27363653
58240;6.2780003548;50859;2134;17;465920;1187164160000;27917951
58368;5.2200002670;53581;1617;18;466944;1192388198400;28249535
58496;5.4240002632;63277;2286;17;467968;1197623705600;29374817
58624;8.5870008469;54251;2213;19;468992;1202870681600;28382115
58752;6.5190005302;51544;1456;14;470016;1208129126400;28250175
58880;5.3570003510;52852;1970;26;471040;1213399040000;28407121
59008;9.0510005951;53699;1781;26;472064;1218680422400;28432196
59136;5.1840000153;48446;1757;22;473088;1223973273600;28078522
59264;4.9180002213;58033;2209;26;474112;1229277593600;28985392
59392;9.2070007324;59087;2231;19;475136;1234593382400;29411733
59520;6.3120002747;50744;1438;28;476160;1239920640000;28112524
59648;7.1060004234;49728;1863;15;477184;1245259366400;28091185
59776;7.1900005341;47587;1674;17;478208;1250609561600;27916133
59904;5.4640002251;71018;2472;19;479232;1255971225600;30953395
60032;5.0710000992;48762;1689;22;480256;1261344358400;28107672
60160;7.5830001831;49709;1546;15;481280;1266728960000;28431442
60288;4.8220000267;53418;1688;20;482304;1272125030400;28860621
60416;5.1590003967;53365;1733;22;483328;1277532569600;28834685
60544;5.4830002785;59737;1766;20;484352;1282951577600;29752525
60672;5.0930004120;58688;2042;24;485376;1288382054400;29491222
60800;5.4610004425;54981;1860;16;486400;1293824000000;29407493
60928;5.0510001183;49690;1635;19;487424;1299277414400;28506219
61056;5.4080004692;56521;2106;22;488448;1304742297600;29666572
61184;4.8560004234;53180;1621;19;489472;1310218649600;29124308
61312;5.4290003777;68791;2001;20;490496;1315706470400;30760588
61440;5.3280000687;51106;1528;13;491520;1321205760000;29063928
61568;5.5680003166;52177;1710;15;492544;1326716518400;29246361
61696;5.7340002060;53194;1614;19;493568;1332238745600;29163478
61824;11.4020004272;48116;2107;18;494592;1337772441600;28812177
61952;4.9230003357;53238;1539;18;495616;1343317606400;29533188
62080;5.2460002899;62147;2016;27;496640;1348874240000;30235657
62208;5.5980000496;60503;2058;14;497664;1354442342400;30478435
62336;5.7180004120;50610;1566;16;498688;1360021913600;29106122
62464;5.5810003281;56648;1708;13;499712;1365612953600;30266924
62592;5.4820003510;53396;1651;10;500736;1371215462400;29708855
62720;5.1509399414;53940;1835;14;501760;1376829440000;29815846
62848;5.9630002975;53677;1595;11;502784;1382454886400;29900414
62976;5.7680001259;56138;1660;12;503808;1388091801600;30129441
63104;6.0520005226;51027;1393;23;504832;1393740185600;29745741
63232;5.3310003281;68626;2206;19;505856;1399400038400;32022229
63360;5.3170003891;56285;1750;21;506880;1405071360000;30474870
63488;8.4400005341;60063;1693;26;507904;1410754150400;30899855
63616;5.1150002480;56936;1526;25;508928;1416448409600;30478576
63744;5.4900002480;59057;1810;20;509952;1422154137600;30641009
63872;12.0050001144;55810;2383;34;510976;1427871334400;30259607
64000;5.2050004005;56076;1848;23;512000;1433600000000;30767046
64128;5.7590003014;65757;2551;18;513024;1439340134400;31722697
64256;5.6180000305;55997;2007;21;514048;1445091737600;30497818
64384;5.1340003014;59493;1817;20;515072;1450854809600;30777996
64512;7.2720003128;61166;2184;19;516096;1456629350400;31295441
64640;5.2280001640;51346;1663;19;517120;1462415360000;30045335
64768;6.0530004501;53780;2092;21;518144;1468212838400;30553767
64896;5.9060001373;58274;1792;23;519168;1474021785600;31048455
65024;5.5760002136;51105;1985;17;520192;1479842201600;30359912
65152;5.2240004539;60801;2079;21;521216;1485674086400;31507291
65280;5.1440000534;53203;1607;17;522240;1491517440000;30898476
65408;5.5420002937;61757;1925;20;523264;1497372262400;31780762
65536;5.7590003014;57255;2052;24;524288;1503238553600;31057143
65664;5.3660001755;65511;2463;31;525312;1509116313600;32052974
65792;6.0170001984;74058;2647;24;526336;1515005542400;33517023
65920;5.3840003014;50913;1799;24;527360;1520906240000;30747598
66048;5.3560004234;52873;1618;21;528384;1526818406400;30611834
66176;5.2480001450;56394;1644;21;529408;1532742041600;31381316
66304;5.9740004539;75808;2600;33;530432;1538677145600;33735974
66432;5.5990004539;58932;1793;21;531456;1544623718400;31944698
66560;6.2530002594;58674;1678;15;532480;1550581760000;32056691
66688;5.4610004425;58903;1952;30;533504;1556551270400;32116718
66816;5.9850001335;58604;1981;29;534528;1562532249600;31820684
66944;6.2220001221;63593;1925;25;535552;1568524697600;32886708
67072;5.7570004463;56681;2312;15;536576;1574528614400;31807396
67200;5.6100001335;61076;1946;27;537600;1580544000000;32440385
67328;5.9350004196;61009;1925;28;538624;1586570854400;32224889
67456;6.2110004425;62120;1763;36;539648;1592609177600;32533330
67584;6.1660003662;56897;1778;27;540672;1598658969600;32245372
67712;6.0510001183;72226;1993;21;541696;1604720230400;33949204
67840;5.7070002556;53563;1677;18;542720;1610792960000;31789799
67968;5.7710003853;64331;1992;20;543744;1616877158400;33109710
68096;6.4760003090;64059;1995;17;544768;1622972825600;33278636
68224;6.3560004234;60896;2219;26;545792;1629079961600;32704882
68352;5.8540000916;56633;1729;32;546816;1635198566400;32577946
68480;5.9270000458;61411;1819;25;547840;1641328640000;33206401
68608;6.1180005074;60474;1954;19;548864;1647470182400;33009893
68736;6.1110000610;61330;1555;22;549888;1653623193600;33103417
68864;6.5640001297;73029;2234;21;550912;1659787673600;34461761
68992;5.6200003624;67605;2003;15;551936;1665963622400;33859846
69120;6.0610003471;65859;2403;22;552960;1672151040000;33894067
69248;6.2150001526;53225;1788;20;553984;1678349926400;32283645
69376;7.0790004730;97351;3507;22;555008;1684560281600;37507310
69504;9.1530008316;61237;1987;25;556032;1690782105600;33442044
69632;5.5450000763;64660;1922;24;557056;1697015398400;33407607
69760;5.9680004120;61928;2169;19;558080;1703260160000;33200777
69888;6.2780003548;56780;2054;20;559104;1709516390400;32756711
70016;6.3080000877;61041;1914;13;560128;1715784089600;33155883
70144;5.6780004501;66228;2138;25;561152;1722063257600;34234750
70272;12.4610004425;66002;2681;25;562176;1728353894400;34193090
70400;6.0640001297;63611;2108;27;563200;1734656000000;33543503
70528;5.6570000648;64970;1933;20;564224;1740969574400;34048541
70656;6.4700002670;74021;2403;20;565248;1747294617600;35138738
70784;6.2130002975;69904;1914;22;566272;1753631129600;34647675
70912;5.7110004425;61754;1793;16;567296;1759979110400;34086607
71040;5.7910003662;65728;2158;17;568320;1766338560000;34654265
71168;6.4180002213;66580;2097;27;569344;1772709478400;34624322
71296;5.6540002823;59465;1716;22;570368;1779091865600;33780685
71424;6.4190001488;66570;2086;30;571392;1785485721600;34717837
71552;6.3440003395;72465;2070;19;572416;1791891046400;35392861
71680;8.7490005493;59623;2236;29;573440;1798307840000;34026009
71808;6.2840003967;70154;2234;28;574464;1804736102400;35249167
71936;7.9610004425;67789;2336;23;575488;1811175833600;35070113
72064;6.2780003548;62528;2094;24;576512;1817627033600;34846149
72192;6.1220002174;58947;2186;19;577536;1824089702400;33809702
72320;6.7290000916;71923;2528;14;578560;1830563840000;35363088
72448;6.4530000687;62698;2378;19;579584;1837049446400;34671682
72576;5.9300003052;69601;2026;29;580608;1843546521600;35443441
72704;5.7440004349;62674;2007;15;581632;1850055065600;34549904
72832;6.4580001831;66144;2032;26;582656;1856575078400;34928454
72960;6.1970005035;58590;1730;18;583680;1863106560000;34332484
73088;6.1620001793;64194;2100;16;584704;1869649510400;34962219
73216;6.7880001068;74044;2477;39;585728;1876203929600;36173308
73344;6.5340003967;62565;2128;26;586752;1882769817600;34738248
73472;7.0750002861;87453;3505;17;587776;1889347174400;38028400
73600;6.4990000725;63939;2198;20;588800;1895936000000;34896314
73728;6.5230002403;74248;2011;26;589824;1902536294400;36416376
73856;6.2580003738;83905;2915;24;590848;1909148057600;37658906
73984;6.4700002670;75580;2454;16;591872;1915771289600;36550335
74112;6.1980004311;68128;2121;22;592896;1922405990400;35898117
74240;6.3640003204;72426;2265;25;593920;1929052160000;36441865
74368;6.6320004463;74124;2402;28;594944;1935709798400;36631611
74496;6.3160004616;71571;1862;33;595968;1942378905600;36308661
74624;6.2510004044;66811;1939;17;596992;1949059481600;35575848
74752;6.3800001144;65135;1854;27;598016;1955751526400;35608502
74880;6.9560003281;70791;2053;24;599040;1962455040000;36552184
75008;10.3020000458;62150;2081;16;600064;1969170022400;35692993
75136;6.1490001678;73086;2328;21;601088;1975896473600;36932759
75264;6.5160002708;67179;2232;23;602112;1982634393600;36064494
75392;10.0460004807;69212;2080;14;603136;1989383782400;36796911
75520;6.7370004654;68219;2227;27;604160;1996144640000;36347860
75648;6.1750001907;73837;2102;19;605184;2002916966400;37205257
75776;6.7200002670;65579;2077;19;606208;2009700761600;36018588
75904;6.4770002365;67162;2010;17;607232;2016496025600;36377998
76032;6.6360001564;74581;2152;10;608256;2023302758400;37142919
76160;6.5330004692;66976;2001;13;609280;2030120960000;36458331
76288;6.9300003052;73215;2215;15;610304;2036950630400;37309905
76416;6.7170004845;79333;2449;18;611328;2043791769600;37991132
76544;6.1840004921;72099;1936;22;612352;2050644377600;37026710
76672;6.8020005226;72273;2459;14;613376;2057508454400;37503609
76800;6.8730001450;69241;2176;14;614400;2064384000000;36950029
76928;6.2810001373;74030;2050;15;615424;2071271014400;37492005
77056;6.2790002823;71399;2297;17;616448;2078169497600;37250294
77184;6.4120001793;76954;2603;20;617472;2085079449600;37674083
77312;7.0200004578;77020;2631;26;618496;2092000870400;38138688
77440;6.7770004272;74461;2411;17;619520;2098933760000;37909576
77568;6.8620004654;73750;2491;7;620544;2105878118400;37761947
77696;6.9390001297;76176;2560;14;621568;2112833945600;38318654
77824;6.8370003700;72853;2632;13;622592;2119801241600;37713662
77952;7.6160001755;70889;2210;20;623616;2126780006400;37167661
78080;6.3600001335;77008;2330;12;624640;2133770240000;38458695
78208;6.2290000916;68477;1916;16;625664;2140771942400;37427339
78336;7.1390004158;77862;2286;20;626688;2147785113600;38635699
78464;7.3020005226;77052;1865;15;627712;2154809753600;38480923
78592;6.3840003014;73927;2365;16;628736;2161845862400;38274550
78720;6.1510004997;65080;1961;16;629760;2168893440000;37257631
78848;6.4560003281;75007;2431;11;630784;2175952486400;38361177
78976;6.7460002899;67121;1976;15;631808;2183023001600;37525570
79104;6.9250001907;68087;2092;27;632832;2190104985600;37513989
79232;7.0400004387;72785;2466;23;633856;2197198438400;38137258
79360;15.1800003052;74978;2915;20;634880;2204303360000;38539150
79488;6.8160004616;70382;2089;23;635904;2211419750400;38004306
79616;13.4440002441;75709;2951;26;636928;2218547609600;38419187
79744;6.9090003967;73882;2320;28;637952;2225686937600;38397913
79872;6.4760003090;76211;2018;16;638976;2232837734400;39021464
80000;7.0220003128;68858;1829;11;640000;2240000000000;38023691
80128;14.5270004272;81230;3260;27;641024;2247173734400;39310080
80256;6.8090004921;68033;1981;26;642048;2254358937600;37843668
80384;6.8720002174;68049;1860;18;643072;2261555609600;38169254
80512;6.8980002403;75334;2832;23;644096;2268763750400;39367024
80640;10.8210000992;70975;2172;15;645120;2275983360000;39110200
80768;7.0270004272;79360;2869;20;646144;2283214438400;39641281
80896;7.3020005226;78213;2725;24;647168;2290456985600;39679525
81024;13.9350004196;77237;2817;20;648192;2297711001600;39377689
81152;7.3180003166;79416;2407;24;649216;2304976486400;39761291
81280;11.2170009613;75848;2730;39;650240;2312253440000;39544224
81408;6.6600003242;82155;2528;16;651264;2319541862400;40081955
81536;7.3980002403;81233;2614;21;652288;2326841753600;40170802
81664;6.9150004387;91604;2850;15;653312;2334153113600;41695159
81792;7.2320003510;80325;2333;25;654336;2341475942400;40462620
81920;13.8780002594;83767;3405;21;655360;2348810240000;40637735
82048;6.5450000763;71667;2182;21;656384;2356156006400;39174670
82176;7.1790003777;77031;2595;24;657408;2363513241600;39985329
82304;7.2750005722;83802;2578;35;658432;2370881945600;40456368
82432;7.2690005302;80276;2589;38;659456;2378262118400;40500993
82560;7.0780005455;73420;2142;22;660480;2385653760000;39378282
82688;6.6030001640;75850;2178;28;661504;2393056870400;39881316
82816;6.7040004730;77759;2274;21;662528;2400471449600;40441692
82944;6.9610004425;76921;2453;24;663552;2407897497600;39979889
83072;7.5750002861;88886;2657;27;664576;2415335014400;41752956
83200;6.9120001793;75688;2590;26;665600;2422784000000;39930880
83328;6.8850002289;80138;2764;21;666624;2430244454400;40452282
83456;6.7460002899;78051;2267;35;667648;2437716377600;40375563
83584;7.3570003510;83583;2898;13;668672;2445199769600;41327856
83712;7.0670003891;94451;3651;20;669696;2452694630400;42628140
83840;7.3650002480;113663;3636;36;670720;2460200960000;44811062
83968;7.5470004082;96290;2814;32;671744;2467718758400;43066377
84096;7.2900004387;93601;3400;38;672768;2475248025600;42591538
84224;6.7980003357;80884;2227;32;673792;2482788761600;40894721
84352;14.8010005951;80167;2785;30;674816;2490340966400;41108215
84480;7.3810005188;81385;2441;56;675840;2497904640000;41048749
84608;7.4780001640;83285;2666;19;676864;2505479782400;41758861
84736;6.8220005035;77413;2564;19;677888;2513066393600;41003122
84864;6.7810001373;79862;2192;18;678912;2520664473600;40993305
84992;7.2090001106;80675;2084;31;679936;2528274022400;41355802
85120;7.4490003586;81123;2098;20;680960;2535895040000;41553936
85248;7.5470004082;87120;2410;23;681984;2543527526400;42267848
85376;7.4210004807;80873;2551;22;683008;2551171481600;41340742
85504;6.7410001755;73193;1781;15;684032;2558826905600;40575201
85632;7.3310003281;85158;2174;25;685056;2566493798400;42021337
85760;6.8010001183;75391;2427;14;686080;2574172160000;41047192
85888;7.9000005722;89161;2602;13;687104;2581861990400;42729563
86016;7.5280003548;82748;2317;33;688128;2589563289600;41990301
86144;7.4110002518;78939;2243;23;689152;2597276057600;41657772
86272;7.6530003548;88052;2710;14;690176;2605000294400;42589126
86400;7.9510002136;90602;3060;16;691200;2612736000000;43000635
86528;11.3330001831;78395;2478;22;692224;2620483174400;41516778
86656;7.1000003815;89029;2970;23;693248;2628241817600;42694943
86784;7.9210004807;86367;2781;27;694272;2636011929600;42885364
86912;15.9020004272;78604;3297;35;695296;2643793510400;42407204
87040;14.0080003738;77151;3189;31;696320;2651586560000;41784864
87168;7.6900005341;95595;2845;19;697344;2659391078400;44100223
87296;6.9960002899;74209;2190;19;698368;2667207065600;41268339
87424;7.9240002632;94566;2944;18;699392;2675034521600;44073232
87552;7.1250004768;85366;2911;15;700416;2682873446400;42818454
87680;7.2230005264;86544;2808;22;701440;2690723840000;42998073
87808;6.9890003204;77199;2253;12;702464;2698585702400;41883218
87936;7.4240002632;96345;2916;21;703488;2706459033600;44600051
88064;7.7320003510;87670;2479;29;704512;2714343833600;43154478
88192;7.1150002480;81494;2037;26;705536;2722240102400;42612347
88320;7.8310003281;90343;2741;26;706560;2730147840000;43822043
88448;8.2969999313;101414;3102;18;707584;2738067046400;45071304
88576;7.4620003700;81700;2354;20;708608;2745997721600;42911276
88704;7.1130003929;80524;2562;23;709632;2753939865600;42529833
88832;7.8700003624;89568;2571;35;710656;2761893478400;43901240
88960;7.4010004997;87316;3065;15;711680;2769858560000;43685782
89088;7.3050003052;87055;2474;32;712704;2777835110400;44085516
89216;7.8730001450;91338;2325;23;713728;2785823129600;43911406
89344;7.9820003510;94590;2754;31;714752;2793822617600;44571588
89472;7.3290004730;87793;2972;22;715776;2801833574400;43823159
89600;7.8350005150;84960;2492;25;716800;2809856000000;43516273
89728;7.5490002632;85055;2472;22;717824;2817889894400;43696153
89856;7.6450004578;105738;3410;20;718848;2825935257600;46139286
89984;7.2150001526;81917;2682;29;719872;2833992089600;43270181
90112;15.3090009689;87629;3417;27;720896;2842060390400;43925833
90240;8.0020008087;90979;2756;17;721920;2850140160000;44597986
90368;7.2820005417;85579;2176;14;722944;2858231398400;44025220
90496;7.5190005302;82707;2702;15;723968;2866334105600;43449918
90624;7.2910003662;79072;2308;16;724992;2874448281600;43671742
90752;8.5910005569;85730;2576;21;726016;2882573926400;44106045
90880;7.6790003777;101487;3237;29;727040;2890711040000;46128490
91008;8.0200004578;88351;2613;16;728064;2898859622400;44746233
91136;8.4550008774;99456;3084;35;729088;2907019673600;45851160
91264;7.3840003014;84626;2356;26;730112;2915191193600;44307959
91392;7.8080005646;109272;3192;32;731136;2923374182400;46965661
91520;8.0460004807;90747;2761;33;732160;2931568640000;44875136
91648;12.1510009766;93736;3012;31;733184;2939774566400;45136231
91776;8.2070007324;97974;3225;29;734208;2947991961600;45859605
91904;7.4800004959;92077;3035;21;735232;2956220825600;45075921
92032;7.7040004730;102571;3122;32;736256;2964461158400;46301163
92160;8.3870000839;106544;3703;16;737280;2972712960000;47033316
92288;8.4840002060;98590;2731;48;738304;2980976230400;46109935
92416;8.0770006180;82832;2706;21;739328;2989250969600;44386781
92544;7.3960003853;80962;2093;15;740352;2997537177600;44515719
92672;7.8580002785;92090;2502;26;741376;3005834854400;45568735
92800;7.8560004234;105626;3165;35;742400;3014144000000;47331935
92928;7.8880004883;80143;2297;24;743424;3022464614400;44466005
93056;7.5470004082;91303;2509;26;744448;3030796697600;45565994
93184;8.3250007629;95540;3191;18;745472;3039140249600;46385025
93312;7.5100002289;87956;2672;17;746496;3047495270400;44911437
93440;8.2280006409;98482;3248;27;747520;3055861760000;46691639
93568;7.4630002975;86496;2356;22;748544;3064239718400;45103566
93696;11.8960008621;85292;2689;22;749568;3072629145600;45118092
93824;7.7960004807;101987;3138;29;750592;3081030041600;47053058
93952;10.2460002899;87612;2977;30;751616;3089442406400;45797537
94080;7.6370005608;88615;2540;24;752640;3097866240000;45902714
94208;14.9470005035;101081;4024;28;753664;3106301542400;47004946
94336;8.2309999466;97296;2995;28;754688;3114748313600;47139792
94464;7.7100005150;90730;2792;21;755712;3123206553600;46237760
94592;14.4630002975;90347;3238;30;756736;3131676262400;45830760
94720;10.2100000381;87348;3947;1223;757760;3140157440000;46108061
94848;7.9630002975;89863;2609;26;758784;3148650086400;46105321
94976;7.8000001907;88876;2587;19;759808;3157154201600;46412113
95104;11.2970008850;96785;2826;19;760832;3165669785600;47406661
95232;7.8280005455;94433;2579;34;761856;3174196838400;46916576
95360;7.9090003967;97957;2900;30;762880;3182735360000;47626799
95488;12.6970005035;84605;2944;27;763904;3191285350400;45708605
95616;8.0640001297;86315;2567;24;764928;3199846809600;45661198
95744;17.8400001526;86858;3577;34;765952;3208419737600;46062029
95872;7.8970003128;94181;2826;35;766976;3217004134400;47234515
96000;8.8280000687;98949;2980;27;768000;3225600000000;47852065
96128;14.4510002136;92341;3098;25;769024;3234207334400;46648719
96256;7.9310002327;100488;3051;22;770048;3242826137600;47671688
96384;8.1600008011;95683;2723;17;771072;3251456409600;47310505
96512;8.3130006790;96620;2900;24;772096;3260098150400;47435224
96640;8.3060007095;113602;3584;27;773120;3268751360000;49799546
96768;7.9090003967;95072;2852;17;774144;3277416038400;47360900
96896;8.5620002747;111131;3438;24;775168;3286092185600;49359863
97024;8.1550006866;107824;3525;19;776192;3294779801600;49042092
97152;8.9170007706;99151;3152;21;777216;3303478886400;48373434
97280;8.5290002823;89980;2731;23;778240;3312189440000;47083096
97408;7.8100004196;87572;2314;20;779264;3320911462400;46950757
97536;8.3960008621;101351;3121;27;780288;3329644953600;48701698
97664;8.0100002289;97395;3171;29;781312;3338389913600;48092088
97792;8.2800006866;88100;2314;20;782336;3347146342400;47308010
97920;8.0399999619;94984;2816;26;783360;3355914240000;48144090
98048;8.2330007553;93568;2769;29;784384;3364693606400;47421517
98176;8.4550008774;115103;3920;22;785408;3373484441600;50560562
98304;8.2110004425;107941;2991;24;786432;3382286745600;49488849
98432;8.8900003433;108506;3152;23;787456;3391100518400;49770188
98560;8.0540008545;96196;2824;23;788480;3399925760000;48210721
98688;8.5970001221;91762;2861;21;789504;3408762470400;48082601
98816;8.3330001831;106603;3424;22;790528;3417610649600;49511697
98944;8.8180007935;101101;3004;15;791552;3426470297600;49353020
99072;8.3339233398;109303;3572;19;792576;3435341414400;50198183
99200;8.5420007706;96089;2943;48;793600;3444224000000;48202398
99328;8.4230003357;91196;2686;24;794624;3453118054400;48195588
99456;24.6790008545;635586;12844;32;795648;3462023577600;154543298
99584;8.3150005341;89696;2674;25;796672;3470940569600;47934768
99712;8.1640005112;101385;3141;31;797696;3479869030400;49153838
99840;8.1310005188;98133;3080;27;798720;3488808960000;49055316
99968;7.9870004654;92586;2722;16;799744;3497760358400;48281480
100096;8.7800006866;118178;3740;25;800768;3506723225600;51635023
100224;15.0660009384;90390;3643;26;801792;3515697561600;48171656
100352;8.2930002213;103306;2800;19;802816;3524683366400;49658479
100480;8.4930000305;92964;2547;28;803840;3533680640000;48882909
100608;8.0510005951;88038;2903;38;804864;3542689382400;48224790
100736;8.2160005569;97432;2891;27;805888;3551709593600;49390417
100864;8.1310005188;95084;2791;22;806912;3560741273600;48794866
100992;8.7230005264;99834;2794;23;807936;3569784422400;49617921
101120;13.1660003662;114143;3650;31;808960;3578839040000;51345260
101248;8.1649999619;94486;2680;29;809984;3587905126400;48869744
101376;8.3930006027;95746;2627;17;811008;3596982681600;48997754
101504;12.6590003967;104410;3468;29;812032;3606071705600;50102559
101632;8.6150007248;97505;2853;21;813056;3615172198400;49719117
101760;8.1530008316;90434;2896;33;814080;3624284160000;48786498
101888;8.3400001526;95651;2802;32;815104;3633407590400;49804086
102016;9.2010002136;109709;3636;22;816128;3642542489600;51282679
102144;13.1890010834;102808;3846;32;817152;3651688857600;50214189
102272;15.9570007324;120838;4200;35;818176;3660846694400;52296976
102400;9.0620002747;103959;3109;22;819200;3670016000000;50657306
102528;8.6090002060;104547;3014;28;820224;3679196774400;50610336
102656;9.2320003510;113567;3423;28;821248;3688389017600;51682951
102784;8.5710000992;111829;3764;25;822272;3697592729600;51607047
102912;9.1870002747;119573;3930;27;823296;3706807910400;52726557
103040;8.4360008240;102882;3446;21;824320;3716034560000;50659905
103168;8.7450008392;112366;3612;24;825344;3725272678400;51656233
103296;9.0520000458;100377;3272;27;826368;3734522265600;50507727
103424;11.7930002213;102482;3594;27;827392;3743783321600;50959447
103552;8.3730001450;99001;2748;19;828416;3753055846400;50291360
103680;8.9000005722;112463;3410;26;829440;3762339840000;52241590
103808;9.3080005646;123595;3365;41;830464;3771635302400;53442441
103936;8.7820005417;105538;3205;23;831488;3780942233600;51751740
104064;8.8440008163;99209;2564;24;832512;3790260633600;50583785
104192;9.1920003891;123846;4243;26;833536;3799590502400;53974774
104320;8.8620004654;104105;3300;28;834560;3808931840000;51133636
104448;12.9090003967;103616;3516;20;835584;3818284646400;51437017
104576;8.6620006561;109909;2927;19;836608;3827648921600;52207897
104704;8.6730003357;108579;2853;36;837632;3837024665600;52019551
104832;8.8710002899;110714;3565;58;838656;3846411878400;52811940
104960;8.4830007553;97769;2925;22;839680;3855810560000;50868182
105088;8.8980007172;117765;3801;24;840704;3865220710400;53445990
105216;9.1990003586;106520;3011;27;841728;3874642329600;52356305
105344;8.6530008316;107768;2923;15;842752;3884075417600;52088157
105472;8.7870006561;104217;3003;33;843776;3893519974400;51497217
105600;15.2650003433;102738;3252;24;844800;3902976000000;52184593
105728;9.4510002136;111440;3245;30;845824;3912443494400;52643140
105856;8.6880006790;103168;3359;37;846848;3921922457600;52184454
105984;9.1940002441;130188;3667;20;847872;3931412889600;55184656
106112;9.0069999695;120436;3234;22;848896;3940914790400;54199673
106240;8.8780002594;105028;3135;27;849920;3950428160000;52146065
106368;9.7540006638;124880;3944;21;850944;3959952998400;54440758
106496;9.2310009003;110160;2788;22;851968;3969489305600;52787476
106624;8.6960000992;103627;3254;32;852992;3979037081600;51927105
106752;9.3570003510;109516;3556;21;854016;3988596326400;53071840
106880;8.7810001373;106505;3141;20;855040;3998167040000;52697203
107008;8.9930000305;104301;3176;23;856064;4007749222400;52574861
107136;8.9020004272;111414;3379;34;857088;4017342873600;53284971
107264;9.1830005646;115043;3345;17;858112;4026947993600;53718630
107392;8.7200002670;101023;3071;37;859136;4036564582400;52325660
107520;8.7150001526;105535;3008;28;860160;4046192640000;52514834
107648;9.3740005493;115480;3390;25;861184;4055832166400;53998338
107776;13.1270008087;106767;2989;28;862208;4065483161600;53024520
107904;13.4800004959;118610;4063;24;863232;4075145625600;54534315
108032;13.6560010910;112989;3908;28;864256;4084819558400;53753396
108160;9.3110008240;114436;3770;34;865280;4094504960000;54285636
108288;8.9120006561;109836;3253;20;866304;4104201830400;53651056
108416;13.0500001907;114551;3471;29;867328;4113910169600;54148779
108544;9.0290002823;117527;3571;25;868352;4123629977600;54450403
108672;9.2960004807;112620;3447;36;869376;4133361254400;54328687
108800;9.0080003738;112345;3417;28;870400;4143104000000;54350287
108928;17.4619998932;104284;3884;30;871424;4152858214400;53163453
109056;9.3080005646;128410;3982;44;872448;4162623897600;56200748
109184;9.0390005112;111554;3072;22;873472;4172401049600;53798984
109312;9.1760005951;121350;3746;29;874496;4182189670400;55228208
109440;9.1140003204;116923;4137;36;875520;4191989760000;54663845
109568;9.1780004501;97916;2914;23;876544;4201801318400;52745767
109696;8.9830007553;111089;3284;20;877568;4211624345600;54153534
109824;12.7530002594;112399;3503;36;878592;4221458841600;54519034
109952;9.0530004501;110215;3553;25;879616;4231304806400;54342077
110080;13.6400003433;110284;3853;31;880640;4241162240000;54230262
110208;9.2470006943;106747;3154;16;881664;4251031142400;54144754
110336;9.9850006104;136527;4193;29;882688;4260911513600;57477680
110464;9.0650005341;111776;3737;22;883712;4270803353600;54618871
110592;9.0620002747;112699;3131;23;884736;4280706662400;54718255
110720;9.4070005417;111204;2880;30;885760;4290621440000;54758901
110848;9.4620008469;105767;2782;32;886784;4300547686400;53850820
110976;9.2290000916;107213;3179;25;887808;4310485401600;54091541
111104;9.6490001678;142077;4484;44;888832;4320434585600;58129487
111232;9.1490001678;105410;2945;22;889856;4330395238400;54209105
111360;8.9840002060;103632;3287;36;890880;4340367360000;54020694
111488;9.2880001068;115608;3556;20;891904;4350350950400;55882171
111616;9.0470008850;106390;3128;28;892928;4360346009600;54461831
111744;10.0580005646;141976;4006;37;893952;4370352537600;59110431
111872;13.6230010986;117970;3747;31;894976;4380370534400;55670900
112000;9.3300008774;121162;3933;26;896000;4390400000000;56159831
112128;9.6090002060;135836;3836;25;897024;4400440934400;58020977
112256;9.5170001984;118828;3347;32;898048;4410493337600;56275786
112384;9.5080003738;116434;3208;23;899072;4420557209600;55857434
112512;16.5330009460;121883;4288;45;900096;4430632550400;56526732
112640;9.7780008316;116779;2952;33;901120;4440719360000;55752727
112768;9.4960002899;119043;3547;40;902144;4450817638400;56556564
112896;9.3740005493;118579;3832;23;903168;4460927385600;56276830
113024;9.3210000992;117375;3435;23;904192;4471048601600;56098352
113152;9.9900007248;120048;3623;28;905216;4481181286400;56167554
113280;9.4739999771;125776;3463;24;906240;4491325440000;57133248
113408;9.2560005188;113414;3085;28;907264;4501481062400;55710881
113536;9.4250001907;117680;3373;25;908288;4511648153600;56535469
113664;9.1600008011;108047;3083;23;909312;4521826713600;54977162
113792;9.6210002899;128415;3711;30;910336;4532016742400;57927785
113920;9.3520002365;110640;3771;40;911360;4542218240000;56112128
114048;9.4650001526;118658;3667;28;912384;4552431206400;56708748
114176;9.3750000000;114290;3329;32;913408;4562655641600;56246464
114304;9.7180004120;133960;4364;24;914432;4572891545600;58411560
114432;16.3090000153;108424;3934;30;915456;4583138918400;55625971
114560;13.7040004730;114242;3556;18;916480;4593397760000;56272665
114688;9.9390001297;127342;4281;21;917504;4603668070400;57831150
114816;9.4510002136;115681;3315;18;918528;4613949849600;56732131
114944;10.0480003357;136365;4232;32;919552;4624243097600;59370354
115072;9.3690004349;111704;3202;32;920576;4634547814400;56279918
115200;9.4310007095;116278;2969;27;921600;4644864000000;56947317
115328;9.9550008774;108500;3350;25;922624;4655191654400;56070356
115456;9.8100004196;138897;4137;33;923648;4665530777600;59153222
115584;9.4409999847;116155;3229;19;924672;4675881369600;56993686
115712;9.7750005722;124921;3672;21;925696;4686243430400;58167415
115840;13.8570003510;118311;3678;29;926720;4696616960000;57378705
115968;9.8600006104;135479;4128;39;927744;4707001958400;59463565
116096;9.3410005569;108421;2987;23;928768;4717398425600;56034216
116224;9.5780000687;114815;3075;34;929792;4727806361600;57301142
116352;9.9860000610;136053;4147;27;930816;4738225766400;59063794
116480;10.3500003815;125852;4269;23;931840;4748656640000;58949923
116608;9.7190008163;117217;3135;51;932864;4759098982400;57523390
116736;9.8720006943;131238;3572;22;933888;4769552793600;59367300
116864;9.6600008011;119997;3558;28;934912;4780018073600;58334826
116992;9.5470008850;111653;3692;33;935936;4790494822400;57127798
117120;9.5560007095;117543;3661;38;936960;4800983040000;57426489
117248;10.1080007553;141771;4208;30;937984;4811482726400;60965026
117376;9.5659999847;115689;3210;26;939008;4821993881600;57525193
117504;9.5990009308;114987;3295;11;940032;4832516505600;57677292
117632;9.6900005341;115128;3468;25;941056;4843050598400;57154027
117760;10.0470008850;120987;4140;14;942080;4853596160000;58544573
117888;10.5320005417;122188;3778;22;943104;4864153190400;58578112
118016;9.7770004272;116344;3635;22;944128;4874721689600;57871942
118144;10.2120008469;132138;3881;32;945152;4885301657600;60107637
118272;10.2130002975;139661;4462;35;946176;4895893094400;60817779
118400;10.6020002365;141120;4533;25;947200;4906496000000;61206451
118528;10.2200002670;136733;3818;33;948224;4917110374400;60543296
118656;10.1910009384;139696;4197;28;949248;4927736217600;61351865
118784;10.2390003204;144886;3960;24;950272;4938373529600;61515027
118912;10.2660007477;131891;3776;41;951296;4949022310400;59930068
119040;10.0580005646;134073;3923;28;952320;4959682560000;60689273
119168;9.8510007858;113587;3239;20;953344;4970354278400;58214123
119296;9.7870006561;122855;3323;33;954368;4981037465600;58758834
119424;10.4580001831;117580;3093;19;955392;4991732121600;58498671
119552;15.0370006561;112303;3730;24;956416;5002438246400;57909526
119680;10.0800008774;135655;3704;48;957440;5013155840000;60679030
119808;9.9850006104;129513;3727;23;958464;5023884902400;60294418
119936;10.1570005417;129116;4023;28;959488;5034625433600;60144244
120064;10.4050006866;133108;3739;19;960512;5045377433600;60864674
120192;10.5200004578;121035;3588;36;961536;5056140902400;59530813
120320;10.1829833984;134166;3514;25;962560;5066915840000;60698852
120448;10.1050004959;122970;3614;24;963584;5077702246400;59579002
120576;9.7790002823;113094;3281;30;964608;5088500121600;58497884
120704;10.0410003662;130015;4213;23;965632;5099309465600;60417443
120832;10.4200000763;143071;4505;26;966656;5110130278400;62588023
120960;10.1090002060;123950;3266;34;967680;5120962560000;60586672
121088;10.2670001984;139886;4330;29;968704;5131806310400;61933392
121216;10.1350002289;135309;4123;17;969728;5142661529600;61276946
121344;9.9390001297;125745;3723;36;970752;5153528217600;60336669
121472;10.1170005798;136250;3844;37;971776;5164406374400;61547532
121600;10.4940004349;114559;3721;25;972800;5175296000000;59439383
121728;10.0800008774;126164;3570;29;973824;5186197094400;60680383
121856;10.0460004807;124290;3225;24;974848;5197109657600;60555034
121984;10.1320009232;123524;3897;15;975872;5208033689600;60489410
122112;10.1110000610;118482;3605;26;976896;5218969190400;59851678
122240;10.1970005035;131198;3595;15;977920;5229916160000;61399930
122368;9.8200006485;110453;3221;25;978944;5240874598400;58743523
122496;11.0930004120;175312;5486;27;979968;5251844505600;66262717
122624;9.9290008545;115541;2827;24;980992;5262825881600;59752553
122752;10.3090000153;128673;4000;33;982016;5273818726400;60878401
122880;10.3290004730;136306;3715;29;983040;5284823040000;62066420
123008;10.1120004654;122061;3406;31;984064;5295838822400;60725466
123136;10.5830001831;137810;3956;23;985088;5306866073600;62404709
123264;10.1230001450;126935;3676;29;986112;5317904793600;60933669
123392;13.4350004196;119442;3625;52;987136;5328954982400;60505046
123520;10.1920003891;124121;3958;32;988160;5340016640000;60733627
123648;10.3100004196;121066;3513;35;989184;5351089766400;60731877
123776;10.4630002975;126370;3772;23;990208;5362174361600;61685236
123904;10.5130004883;121458;3689;28;991232;5373270425600;60859454
124032;10.5130004883;137656;4425;26;992256;5384377958400;63082300
124160;10.1350002289;124051;3559;32;993280;5395496960000;60763472
124288;10.5380001068;135192;4459;27;994304;5406627430400;62960950
124416;10.2470006943;128632;3721;16;995328;5417769369600;61554671
124544;10.7179565430;129302;3993;40;996352;5428922777600;62063291
124672;10.5520000458;138968;4064;22;997376;5440087654400;63569703
124800;11.0300006866;150955;4471;42;998400;5451264000000;64809004
124928;11.2020006180;153138;4677;47;999424;5462451814400;65006110
125056;10.4280004501;135372;3457;48;1000448;5473651097600;62630072
125184;10.5590009689;127649;3592;29;1001472;5484861849600;61981377
125312;10.4830007553;135171;3827;25;1002496;5496084070400;62890245
125440;10.4080009460;136043;3874;24;1003520;5507317760000;62934750
125568;10.1130008698;116802;2985;22;1004544;5518562918400;61014150
125696;10.4930000305;136340;3731;32;1005568;5529819545600;63122153
125824;10.2080001831;124104;3343;22;1006592;5541087641600;61584426
125952;10.3840007782;130820;3374;34;1007616;5552367206400;62824348
126080;21.6310005188;128921;4372;26;1008640;5563658240000;62265465
126208;10.3480005264;128437;3645;27;1009664;5574960742400;62495758
126336;10.5700006485;136690;4330;25;1010688;5586274713600;63653320
126464;10.7460002899;146014;3863;28;1011712;5597600153600;64874389
126592;10.5280008316;134916;3970;23;1012736;5608937062400;63420035
126720;10.4120006561;131879;3992;25;1013760;5620285440000;62692813
126848;14.9980010986;142380;4145;26;1014784;5631645286400;64294962
126976;10.3900003433;126174;3563;39;1015808;5643016601600;62324179
127104;10.5430002213;130066;4048;30;1016832;5654399385600;63228023
127232;10.4560003281;127042;4175;26;1017856;5665793638400;62726891
127360;10.8980007172;150001;5042;32;1018880;5677199360000;65586024
127488;10.8620004654;151354;4647;41;1019904;5688616550400;65342185
127616;10.4660005569;130943;4185;21;1020928;5700045209600;63081793
127744;10.6730003357;142800;3886;16;1021952;5711485337600;64601897
127872;10.8500003815;142903;4575;53;1022976;5722936934400;64630291
128000;10.5320005417;132320;3601;39;1024000;5734400000000;63585480
