array_size;time_spent(s);PAPI_L1_TCM;PAPI_L2_TCM;PAPI_L3_TCM;DATA_BYTES;NUM_INSTRUCTIONS;PAPI_TOT_INS
2048;0.2990000248;949;249;28;16384;2380342;1265756
2176;0.3290000260;1163;269;27;17408;2549223;1379428
2304;0.3520000279;1264;260;12;18432;2719253;1495186
2432;0.2110000104;1396;276;14;19456;2890366;1610963
2560;0.3590000272;1771;282;19;20480;3062508;1728897
2688;0.1920000017;1834;253;15;21504;3235625;1844691
2816;0.2360000163;2022;283;23;22528;3409672;1962625
2944;0.2360000163;2070;304;16;23552;3584606;2080578
3072;0.2480000108;2205;300;13;24576;3760388;2200688
3200;0.2440000176;2465;333;22;25600;3936984;2255956
3328;0.2860000134;2570;295;20;26624;4114360;2313347
3456;0.5570000410;2564;270;16;27648;4292488;2370755
3584;0.3840000033;3042;372;21;28672;4471338;2430322
3712;0.2740000188;3089;336;24;29696;4650885;2487747
3840;0.2780000269;3121;339;18;30720;4831104;2547313
3968;0.5420000553;3216;318;16;31744;5011975;2606898
4096;0.2939999998;3377;303;16;32768;5193475;2668640
4224;0.3270000219;3721;338;17;33792;5375585;2785530
4352;0.4740000367;3951;317;21;34816;5558286;2904488
4480;0.3240000010;4070;323;13;35840;5741561;3023465
4608;0.3430000246;4360;309;18;36864;5925394;3144599
4736;0.3590000272;4549;370;18;37888;6109769;3263593
4864;0.3710000217;4815;298;11;38912;6294671;3384727
4992;0.3830000162;4927;343;18;39936;6480087;3505880
5120;0.4200000167;5219;327;21;40960;6666003;3629190
5248;0.4130000174;5374;362;21;41984;6852407;3748202
5376;0.4360000193;5596;345;22;43008;7039287;3869336
5504;0.9260000587;5720;326;19;44032;7226631;3990489
5632;0.4470000267;6053;368;15;45056;7414429;4124548
5760;0.4630000293;6055;366;16;46080;7602671;4246102
5888;0.4750000238;6337;363;10;47104;7791347;4369796
6016;0.5170000196;6525;348;21;48128;7980446;4493509
6144;0.5320000052;6660;388;22;49152;8169961;4619379
6272;0.5570000410;6914;380;15;50176;8359883;4677865
6400;0.5160000324;7001;368;12;51200;8550202;4738455
6528;0.5240000486;7237;408;18;52224;8740912;4799076
6656;0.7880000472;7502;412;17;53248;8932005;4861830
6784;1.0770000219;7481;438;12;54272;9123472;4922456
6912;0.8420000672;7710;379;18;55296;9315308;4985222
7040;0.6040000319;7812;409;14;56320;9507505;5048007
7168;0.6080000401;8215;410;14;57344;9700057;5112949
7296;1.2200000286;8748;531;14;58368;9892958;5173595
7424;0.5240000486;8548;373;14;59392;10086201;5236359
7552;0.5960000157;8627;420;21;60416;10279780;5299144
7680;1.2380000353;9075;444;22;61440;10473690;5364086
7808;0.6410000324;9293;481;15;62464;10667925;5426890
7936;1.1980000734;9242;450;11;63488;10862480;5491830
8064;0.5430000424;9599;519;19;64512;11057350;5556791
8192;0.6650000215;9598;467;22;65536;11252530;5623909
8320;0.6280000210;10092;502;14;66560;11448014;5744401
8448;0.6440000534;10391;532;17;67584;11643799;5866943
8576;0.6560000181;10638;452;26;68608;11839879;5989504
8704;1.3340001106;11211;814;8;69632;12036250;6114223
8832;0.6130000353;11035;579;11;70656;12232909;6236800
8960;0.7400000095;11357;440;15;71680;12429850;6361518
9088;0.7080000043;11419;552;16;72704;12627070;6486255
9216;0.7160000205;11825;576;14;73728;12824565;6613149
9344;0.7110000253;12050;603;15;74752;13022331;6735745
9472;0.8280000687;12441;608;16;75776;13220364;6860463
9600;0.7870000601;12552;584;16;76800;13418661;6985200
9728;0.7980000377;12994;561;20;77824;13617218;7112094
9856;0.8070000410;13083;516;17;78848;13816031;7398393
9984;0.8430000544;13475;596;22;79872;14015098;7528871
10112;0.8320000172;13598;577;17;80896;14214416;7659368
10240;0.8690000176;14025;600;15;81920;14413980;7792022
10368;0.9530000687;14397;855;15;82944;14613788;7918221
10496;0.8790000677;14356;565;17;83968;14813837;8046522
10624;0.8920000196;14508;588;14;84992;15014124;8174843
10752;0.9050000310;14978;557;9;86016;15214646;8305321
10880;1.0070000887;14974;569;7;87040;15415401;8433659
11008;1.0559999943;15535;875;16;88064;15616385;8564138
11136;1.9980001450;15307;614;18;89088;15817596;8694634
11264;0.9300000668;15858;806;16;90112;16019031;8827288
11392;0.9450000525;15876;735;12;91136;16220688;8955644
11520;0.9850000739;15972;710;5;92160;16422564;9086122
11648;1.0940001011;16188;583;9;93184;16624657;9216619
11776;2.1460001469;16545;683;7;94208;16826964;9349273
11904;1.5830000639;16573;663;16;95232;17029484;9479787
12032;0.9820000529;17214;920;14;96256;17232213;9612442
12160;1.0900000334;17577;826;15;97280;17435150;9745115
12288;1.0940001011;17201;734;13;98304;17638292;9879944
12416;1.0710000992;17810;645;15;99328;17841637;9941648
12544;1.0820000172;17686;629;17;100352;18045184;10005438
12672;1.0940001011;18003;703;12;101376;18248930;10069247
12800;1.1030000448;18461;680;10;102400;18452872;10135213
12928;2.3530001640;18277;785;18;103424;18657010;10199039
13056;1.3140000105;18750;831;7;104448;18861342;10265006
13184;1.1299999952;19147;755;7;105472;19065864;10330991
13312;1.1290000677;19273;702;14;106496;19270576;10399132
13440;1.1400001049;19279;744;12;107520;19475475;10462976
13568;1.0290000439;19442;695;15;108544;19680561;10528942
13696;1.0610001087;19694;791;13;109568;19885830;10594927
13824;1.1280000210;20134;801;12;110592;20091282;10663069
13952;1.2060000896;20374;931;13;111616;20296914;10729072
14080;2.4760000706;20309;781;14;112640;20502726;10797213
14208;1.1390000582;20652;741;12;113664;20708715;10865374
14336;1.1450001001;21011;819;15;114688;20914879;10935692
14464;1.1890000105;21340;813;11;115712;21121218;10999554
14592;1.2040001154;21609;946;13;116736;21327729;11065521
14720;1.2050000429;21434;716;13;117760;21534412;11131505
14848;1.2520000935;22030;772;13;118784;21741264;11199647
14976;1.1870000362;22306;839;17;119808;21948285;11265649
15104;1.1920000315;22093;898;15;120832;22155472;11333791
15232;1.2560000420;22820;1212;13;121856;22362825;11401953
15360;1.2370001078;23205;965;17;122880;22570342;11472270
15488;2.1320002079;23533;1083;17;123904;22778021;11538291
15616;1.1360000372;22928;830;12;124928;22985861;11606432
15744;1.2680000067;23513;990;12;125952;23193862;11674593
15872;1.3180000782;24182;1226;33;126976;23402021;11744912
16000;2.7170002460;23962;941;15;128000;23610337;11813089
16128;2.7480001450;24378;1087;13;129024;23818810;11883408
16256;1.1580001116;24859;965;15;130048;24027437;11953744
16384;1.2770000696;24402;1165;11;131072;24236218;11796787
16512;1.6500000954;24921;1337;19;132096;24445152;11920499
16640;1.2770000696;25633;836;8;133120;24654236;12046240
16768;1.2930001020;25966;897;17;134144;24863471;12172000
16896;1.2180000544;26365;983;12;135168;25072855;12299918
17024;1.2180000544;26360;976;15;136192;25282387;12425697
17152;1.2320001125;26846;942;18;137216;25492065;12553615
17280;1.2420001030;27159;1049;14;138240;25701889;12681551
17408;2.0799560547;27561;1117;17;139264;25911857;12811652
17536;1.2900000811;27350;914;15;140288;26121969;12937442
17664;1.4380000830;27783;1130;18;141312;26332223;13065360
17792;1.3280000687;27867;953;17;142336;26542619;13193296
17920;1.9790000916;28195;880;16;143360;26753155;13323390
18048;1.4280000925;28530;998;18;144384;26963831;13451345
18176;1.3700001240;28702;1067;14;145408;27174645;13581439
18304;1.4910000563;29222;986;20;146432;27385596;13711551
18432;1.4180001020;29550;941;23;147456;27596684;13843821
18560;1.5130001307;29512;971;14;148480;27807907;13969636
18688;1.5320000648;29826;1123;16;149504;28019265;14097554
18816;1.8770000935;29957;1060;21;150528;28230756;14225490
18944;1.5260000229;30650;1202;13;151552;28442380;14355585
19072;1.5750000477;30606;1114;25;152576;28654136;14483539
19200;1.5970001221;31041;1433;19;153600;28866023;14613634
19328;1.4740000963;31284;1108;18;154624;29078040;14743745
19456;1.7180000544;31588;1040;6;155648;29290186;14876015
19584;1.6290000677;31728;1052;19;156672;29502461;15003988
19712;1.8070000410;32079;1153;20;157696;29714863;15134083
19840;2.2480001450;32263;1047;21;158720;29927392;15264194
19968;1.6200001240;32719;1177;17;159744;30140047;15396465
20096;1.7340000868;32952;1117;13;160768;30352827;15526595
20224;2.0580000877;33256;1099;25;161792;30565731;15658865
20352;1.8760000467;33501;1180;15;162816;30778758;15791154
20480;1.7130000591;33624;1163;22;163840;30991909;15925599
20608;1.7010000944;33951;1448;22;164864;31205181;16051433
20736;1.6120001078;34204;1190;18;165888;31418574;16179350
20864;1.9380000830;34536;1202;10;166912;31632088;16307287
20992;2.4290001392;34844;1091;26;167936;31845722;16437380
21120;1.7000000477;34965;1221;17;168960;32059474;16565335
21248;1.8730001450;35407;1275;15;169984;32273345;16695430
21376;1.8010001183;35557;1235;22;171008;32487334;16825541
21504;1.8250000477;35918;1344;25;172032;32701439;16957812
21632;1.8580000401;36141;1157;19;173056;32915660;17085784
21760;3.9860002995;36512;1441;16;174080;33129997;17215879
21888;1.8030000925;36641;1399;11;175104;33344449;17345991
22016;2.7440001965;37003;1495;22;176128;33559014;17478262
22144;1.7020000219;37027;1146;23;177152;33773694;17608391
22272;1.7610000372;37158;1085;23;178176;33988485;17740661
22400;1.8220001459;37658;1346;29;179200;34203390;17872949
22528;1.8280000687;37678;1220;14;180224;34418405;18007395
22656;1.8500001431;37934;1431;23;181248;34633532;18135386
22784;1.9410001040;38378;1618;15;182272;34848768;18265481
22912;1.9170000553;38261;1352;15;183296;35064114;18395593
23040;2.0740001202;38920;1646;16;184320;35279570;18527863
23168;1.9620001316;38711;1346;8;185344;35495133;18657993
23296;2.0920000076;39243;1326;15;186368;35710805;18790263
23424;2.9400000572;39572;1690;16;187392;35926584;18922552
23552;2.1290001869;39845;1873;14;188416;36142469;19056998
23680;2.0710000992;40173;1532;22;189440;36358460;19187146
23808;2.0270001888;40191;1577;13;190464;36574557;19319416
23936;2.1160001755;40779;1783;17;191488;36790759;19451705
24064;2.1750001907;40808;1655;20;192512;37007065;19586151
24192;2.1200001240;40906;1688;17;193536;37223475;19718458
24320;2.0659999847;41004;1384;20;194560;37439988;19852903
24448;2.2000000477;41630;1757;19;195584;37656604;19987368
24576;2.2240002155;41325;1547;10;196608;37873322;20123990
24704;2.1670000553;41422;1328;18;197632;38090141;20188912
24832;2.8920001984;42535;1634;14;198656;38307062;20255903
24960;2.1640000343;42642;1821;22;199680;38524083;20322911
25088;2.2470002174;42826;1807;14;200704;38741205;20392077
25216;2.1490001678;43035;1527;13;201728;38958426;20459103
25344;3.1910002232;43626;1651;18;202752;39175746;20528270
25472;2.0040001869;43276;1321;17;203776;39393164;20597453
25600;2.2340002060;43733;1397;20;204800;39610681;20668795
25728;3.3360002041;44127;1744;16;205824;39828295;20735841
25856;2.2200000286;44575;1967;15;206848;40046006;20805007
25984;2.2900002003;44896;1821;21;207872;40263814;20874192
26112;2.2070000172;44795;1484;9;208896;40481717;20945532
26240;2.8830001354;45155;1725;15;209920;40699717;21014736
26368;3.3720002174;45639;1531;9;210944;40917812;21086077
26496;3.1150002480;45580;1489;19;211968;41136001;21157437
26624;2.0530002117;46025;1438;13;212992;41354285;21230955
26752;2.9190001488;46196;1812;27;214016;41572662;21298019
26880;2.0760002136;46293;1591;19;215040;41791133;21367184
27008;2.2550001144;46430;1581;22;216064;42009697;21436368
27136;2.2050001621;46777;1650;15;217088;42228353;21507710
27264;2.4090001583;47484;1545;21;218112;42447101;21576913
27392;2.1630001068;47494;1523;17;219136;42665941;21648255
27520;2.1630001068;47852;1593;22;220160;42884872;21719615
27648;2.3010001183;48026;1834;20;221184;43103894;21793134
27776;2.4460000992;48432;1794;21;222208;43323006;21862355
27904;3.0460002422;48698;1870;21;223232;43542208;21933697
28032;2.4540002346;48831;1675;18;224256;43761500;22005056
28160;3.1940002441;48922;2067;22;225280;43980881;22078575
28288;2.1330001354;49191;1630;17;226304;44200350;22149953
28416;2.4350001812;50057;2019;23;227328;44419908;22223472
28544;2.4270000458;50134;2038;19;228352;44639553;22297008
28672;2.4060001373;50477;1995;25;229376;44859286;22372702
28800;2.5040001869;50459;1971;24;230400;45079106;22439782
28928;2.9250001907;50999;1992;18;231424;45299013;22508949
29056;2.1820001602;50558;1744;21;232448;45519006;22578132
29184;2.3730001450;51157;1797;21;233472;45739086;22649474
29312;2.4760000706;51536;1994;23;234496;45959250;22718678
29440;2.4620001316;51407;1953;18;235520;46179500;22790020
29568;2.4000000954;51747;1890;25;236544;46399835;22861380
29696;2.4290001392;52354;1872;14;237568;46620254;22934898
29824;2.2300000191;52279;1818;22;238592;46840758;23004118
29952;2.4920001030;52660;1892;25;239616;47061345;23075460
30080;3.7150001526;53391;2185;17;240640;47282015;23146822
30208;2.5140001774;53338;1776;18;241664;47502769;23220339
30336;2.4480001926;53668;1983;20;242688;47723605;23291718
30464;5.3670001030;53906;2404;6;243712;47944523;23365236
30592;2.6410000324;54241;2183;27;244736;48165524;23438771
30720;4.6720004082;54949;2035;20;245760;48386606;23514467
30848;2.5490000248;55011;2284;16;246784;48607769;23583705
30976;2.5750000477;55265;2190;24;247808;48829014;23655047
31104;2.4770002365;55541;2283;20;248832;49050339;23726407
31232;2.2980000973;55721;1787;18;249856;49271744;23799924
31360;3.8690001965;56284;2197;14;250880;49493229;23871304
31488;2.3110001087;56171;1960;18;251904;49714794;23944821
31616;2.5970001221;56370;2025;19;252928;49936439;24018357
31744;2.4570000172;56285;1923;25;253952;50158162;24094051
31872;2.4260001183;56983;2015;21;254976;50379964;24165449
32000;2.6230001450;56989;2218;21;256000;50601844;24238967
32128;2.5560002327;57173;1993;18;257024;50823802;24312503
32256;3.0070002079;57607;2208;19;258048;51045838;24388197
32384;2.6400001049;58086;2115;17;259072;51267952;24461752
32512;2.8980002403;58438;2294;12;260096;51490143;24537446
32640;2.4850001335;58031;2354;16;261120;51712410;24613158
32768;2.6150000095;58011;2434;16;262144;51934754;24691028
32896;3.0000002384;58406;2450;16;263168;52157174;24817957
33024;2.7780001163;59639;2145;16;264192;52379670;24946899
33152;2.7480001450;60540;2349;16;265216;52602242;25075860
33280;2.7280001640;60526;2315;20;266240;52824889;25206977
33408;2.6730000973;60532;2190;25;267264;53047611;25335956
33536;2.5170001984;61295;2168;17;268288;53270408;25467074
33664;2.7750000954;61384;2158;23;269312;53493279;25598210
33792;2.5700001717;61612;2257;20;270336;53716225;25731504
33920;2.8820002079;62047;2218;23;271360;53939244;25860501
34048;2.7100000381;62487;2505;17;272384;54162337;25991619
34176;2.7860000134;62884;2468;17;273408;54385504;26122755
34304;4.2170000076;63161;2219;19;274432;54608743;26256049
34432;2.9660000801;63688;2115;17;275456;54832056;26387203
34560;2.6200001240;63691;2261;17;276480;55055440;26520498
34688;2.8900001049;63858;2168;21;277504;55278898;26653809
34816;2.8670001030;64410;2311;14;278528;55502427;26789281
34944;5.7570004463;64711;2683;17;279552;55726028;26918297
35072;2.9530000687;64710;2588;6;280576;55949700;27049413
35200;6.3580002785;65232;2272;22;281600;56173443;27180549
35328;2.8830001354;65269;2325;21;282624;56397258;27313843
35456;2.8960001469;65481;2445;17;283648;56621143;27444998
35584;2.7110002041;65817;2309;22;284672;56845099;27578292
35712;2.6870000362;66148;2329;7;285696;57069125;27711603
35840;2.9250001907;66150;2222;20;286720;57293220;27847073
35968;2.9470000267;66247;2784;22;287744;57517386;27978247
36096;2.7360000610;66697;2368;22;288768;57741621;28111552
36224;5.0540003777;67477;2251;7;289792;57965925;28244853
36352;4.7220001221;67654;2398;26;290816;58190298;28380323
36480;3.2650001049;67575;2338;8;291840;58414739;28513654
36608;3.0000002384;68299;2523;25;292864;58639249;28649123
36736;3.1850001812;68636;2295;14;293888;58863828;28784612
36864;3.4280002117;68922;2745;21;294912;59088474;28922259
36992;3.2260000706;68676;2432;14;295936;59313188;29051291
37120;3.9930002689;69379;2421;18;296960;59537970;29182410
37248;3.0490002632;69411;2644;16;297984;59762819;29313545
37376;2.8600001335;69941;2278;16;299008;59987735;29446839
37504;3.1950001717;70130;2565;24;300032;60212718;29577994
37632;3.2010002136;70153;2377;21;301056;60437767;29711287
37760;3.2710001469;70983;2586;18;302080;60662883;29844600
37888;2.8940000534;70845;2408;26;303104;60888065;29980069
38016;3.2540001869;71368;2494;18;304128;61113313;30111243
38144;3.3590002060;71816;2477;16;305152;61338626;30244538
38272;7.0120005608;72396;2462;21;306176;61564005;30377849
38400;3.3990001678;72475;2582;23;307200;61789449;30513319
38528;3.8490002155;72238;2805;20;308224;62014959;30646650
38656;3.4210002422;72508;2216;19;309248;62240533;30782119
38784;3.2390000820;73282;2591;13;310272;62466172;30917608
38912;3.4480001926;73277;2323;21;311296;62691875;31055253
39040;3.3580002785;73777;2620;29;312320;62917642;31186445
39168;3.3810000420;73918;2432;15;313344;63143473;31319739
39296;4.2910003662;73980;2862;23;314368;63369368;31453051
39424;3.2250001431;74721;2858;21;315392;63595327;31588521
39552;3.3420002460;75023;2527;14;316416;63821349;31721853
39680;3.3720002174;75326;2370;20;317440;64047434;31857321
39808;3.7390000820;75637;2764;24;318464;64273582;31992811
39936;3.4670002460;75828;2597;33;319488;64499793;32130456
40064;3.9670002460;76579;2542;21;320512;64726066;32263806
40192;3.3950002193;76552;2828;22;321536;64952402;32399275
40320;4.0360002518;78920;2648;23;322560;65178800;32534763
40448;3.1750001907;77450;2578;21;323584;65405259;32672409
40576;3.1680002213;77420;2855;20;324608;65631781;32807916
40704;3.6060001850;77801;2722;23;325632;65858364;32945562
40832;3.2020001411;78393;2801;18;326656;66085008;33083226
40960;3.1780002117;77788;2683;17;327680;66311714;33223047
41088;6.2940001488;78488;3509;22;328704;66538481;33352101
41216;3.5780000687;79141;2792;23;329728;66765308;33483217
41344;3.4360001087;79745;2941;15;330752;66992196;33614354
41472;7.7390003204;80026;3410;22;331776;67219144;33747648
41600;3.3070001602;79773;3044;27;332800;67446153;33878803
41728;3.7760002613;79960;2773;15;333824;67673221;34012096
41856;4.3400001526;80122;2717;27;334848;67900350;34145408
41984;5.4610004425;80680;2758;23;335872;68127538;34280878
42112;3.3930001259;81110;2828;17;336896;68354785;34412051
42240;3.7180001736;80900;2644;20;337920;68582092;34545345
42368;7.5720005035;81720;2968;11;338944;68809458;34678658
42496;3.3930001259;82200;3015;14;339968;69036883;34814127
42624;3.7730002403;82272;2896;13;340992;69264367;34947458
42752;3.3860001564;82298;2815;20;342016;69491909;35082927
42880;3.6820001602;82404;2927;15;343040;69719510;35218416
43008;4.0390000343;83182;2820;25;344064;69947169;35356062
43136;3.4490001202;83175;3177;10;345088;70174886;35487253
43264;7.8510003090;83697;3250;9;346112;70402661;35620549
43392;3.4820001125;83594;2671;14;347136;70630494;35753859
43520;3.9880001545;84232;2915;16;348160;70858384;35889329
43648;3.9950001240;84816;2882;16;349184;71086332;36022660
43776;3.5040001869;84377;3234;18;350208;71314337;36158130
43904;4.0290002823;84842;2886;19;351232;71542399;36293618
44032;3.9610002041;85362;3040;15;352256;71770518;36431264
44160;3.9290001392;85556;2855;15;353280;71998693;36564613
44288;4.4590001106;86016;2918;19;354304;72226925;36700083
44416;3.9730002880;86383;2957;20;355328;72455214;36835571
44544;4.0870003700;86528;2931;22;356352;72683559;36973217
44672;3.9910001755;86810;2581;17;357376;72911959;37108724
44800;3.9870002270;87082;3007;21;358400;73140416;37246370
44928;4.1200003624;86658;2956;21;359424;73368928;37384034
45056;4.0329999924;87234;2932;19;360448;73597497;37523857
45184;3.6350002289;87171;3021;20;361472;73826120;37655065
45312;4.4400000572;87219;3074;18;362496;74054799;37788359
45440;4.0870003700;88220;3126;13;363520;74283533;37921671
45568;3.9310002327;88227;3060;17;364544;74512321;38057141
45696;3.9780001640;88204;2971;19;365568;74741165;38190472
45824;4.1140003204;88706;2990;19;366592;74970063;38325942
45952;3.8750002384;89786;3219;20;367616;75199016;38461430
46080;3.7430002689;89224;3072;18;368640;75428023;38599076
46208;3.7880001068;89761;2953;13;369664;75657085;38732425
46336;4.0590000153;90505;3120;18;370688;75886200;38867895
46464;7.3030004501;90264;3499;16;371712;76115369;39003385
46592;4.9150004387;90706;3076;15;372736;76344592;39141029
46720;3.8180000782;90851;3084;13;373760;76573869;39276536
46848;3.8940002918;91351;3089;15;374784;76803199;39414181
46976;4.1240000725;91168;3391;16;375808;77032583;39551846
47104;5.8700003624;91827;3485;21;376832;77262019;39691669
47232;4.2200002670;92033;3444;21;377856;77491509;39825036
47360;4.3150000572;92294;3279;20;378880;77721051;39960505
47488;5.8160004616;92649;3342;22;379904;77950646;40095994
47616;4.3830003738;92906;3410;22;380928;78180294;40233639
47744;3.8850002289;93601;3035;17;381952;78409995;40369145
47872;3.9100000858;93690;3202;17;382976;78639747;40506792
48000;4.0240001678;93959;3297;19;384000;78869552;40644456
48128;4.1520004272;94273;3300;15;385024;79099409;40784278
48256;3.9420001507;94226;3183;18;386048;79329317;40919803
48384;4.2290000916;94668;3101;22;387072;79559278;41057449
48512;4.0310001373;95101;3137;30;388096;79789290;41195113
48640;4.3320002556;95533;3472;22;389120;80019353;41334935
48768;4.7030000687;95834;3230;30;390144;80249468;41472618
48896;4.4470000267;96030;3041;18;391168;80479634;41612440
49024;4.0230002403;96177;3577;24;392192;80709851;41752280
49152;4.3350000381;95125;3208;18;393216;80940120;41894278
49280;6.5960001945;95565;3280;26;394240;81170439;41962419
49408;4.0410003662;96727;3316;24;395264;81400808;42032609
49536;4.4539999962;96983;3256;21;396288;81631228;42102817
49664;4.5450000763;97786;3352;16;397312;81861699;42175183
49792;4.4000000954;97577;3413;18;398336;82092220;42245411
49920;4.4310002327;98052;3640;21;399360;82322791;42317777
50048;6.7040004730;98784;3427;25;400384;82553412;42390160
50176;4.7029418945;98740;3273;21;401408;82784083;42464708
50304;4.5670003891;98781;3397;26;402432;83014804;42534947
50432;4.3700003624;99413;3562;22;403456;83245574;42607313
50560;4.7250003815;99541;3225;22;404480;83476394;42679697
50688;4.4900002480;100019;3937;20;405504;83707263;42754240
50816;4.7660002708;100348;3675;19;406528;83938182;42826643
50944;4.6290001869;100151;3498;21;407552;84169149;42901184
51072;4.3820004463;100753;3453;20;408576;84400166;42975744
51200;4.6300001144;101434;3417;24;409600;84631232;43052462
51328;4.1790003777;100911;3336;23;410624;84862346;43122725
51456;4.4300003052;101827;3697;18;411648;85093509;43195092
51584;4.2010002136;102246;3848;19;412672;85324721;43267475
51712;4.2090001106;102528;3292;13;413696;85555981;43342017
51840;4.4070000648;102705;3470;17;414720;85787289;43414420
51968;4.8510003090;103200;3844;20;415744;86018646;43488962
52096;4.3410000801;103157;3076;32;416768;86250050;43563522
52224;4.7030000687;103575;3413;19;417792;86481503;43640240
52352;4.2450003624;103826;3556;18;418816;86713003;43712661
52480;4.2610001564;104024;3499;21;419840;86944551;43787203
52608;4.7010002136;104719;3465;15;420864;87176147;43861763
52736;4.7170000076;104541;3403;23;421888;87407790;43938481
52864;4.8830003738;104869;3330;14;422912;87639481;44013060
52992;4.4860000610;105352;3351;21;423936;87871218;44089778
53120;4.2770004272;105933;3310;20;424960;88103003;44166514
53248;4.5230002403;106723;3688;22;425984;88334835;44245409
53376;4.3020000458;106097;3657;22;427008;88566714;44315689
53504;4.5750002861;106548;3540;14;428032;88798639;44388055
53632;4.8010001183;106832;3779;22;429056;89030612;44460439
53760;4.7920002937;107174;3964;19;430080;89262630;44534981
53888;5.2940001488;107360;3762;21;431104;89494696;44607384
54016;4.6520004272;107801;3722;24;432128;89726807;44681926
54144;4.9820003510;107992;3933;14;433152;89958965;44756488
54272;4.8240003586;108471;3824;19;434176;90191169;44833204
54400;4.7020001411;108880;3843;18;435200;90423419;44905625
54528;4.8860001564;109273;3851;21;436224;90655715;44980168
54656;4.7610001564;109533;4125;23;437248;90888057;45054727
54784;6.2380003929;109407;4068;23;438272;91120444;45131446
54912;4.8750000000;109988;3752;24;439296;91352877;45206024
55040;8.0209999084;110717;4185;26;440320;91585356;45282743
55168;4.4990000725;110457;3722;27;441344;91817879;45359479
55296;4.8390002251;110919;4002;19;442368;92050449;45438372
55424;4.9130001068;110572;3767;24;443392;92283063;45510812
55552;4.7300000191;110955;4127;19;444416;92515722;45585353
55680;10.5470008850;111470;4405;20;445440;92748427;45659914
55808;5.0580000877;111636;3879;18;446464;92981176;45736631
55936;4.7840003967;111817;3520;18;447488;93213970;45811210
56064;5.2360000610;112501;3854;21;448512;93446808;45887928
56192;8.9739999771;112910;3835;19;449536;93679691;45964665
56320;4.4600000381;112800;3583;18;450560;93912619;46043558
56448;4.6620001793;113918;3745;11;451584;94145591;46118155
56576;4.8010001183;113613;3644;15;452608;94378607;46194873
56704;4.8240003586;114334;4042;17;453632;94611667;46271610
56832;5.1260004044;114042;3934;23;454656;94844772;46350503
56960;4.4800000191;114428;3892;16;455680;95077920;46427258
57088;5.1160001755;114986;3934;19;456704;95311112;46506152
57216;4.8990001678;115868;3646;19;457728;95544348;46585065
57344;4.4880003929;115977;3905;15;458752;95777627;46666134
57472;4.7260003090;115154;3949;19;459776;96010951;46736434
57600;7.2260003090;116157;4026;19;460800;96244317;46808799
57728;5.0240001678;116653;3884;19;461824;96477727;46881183
57856;4.5160002708;116934;3889;11;462848;96711180;46955725
57984;4.7940001488;117374;4196;15;463872;96944677;47028128
58112;5.1610002518;116762;4197;14;464896;97178216;47102672
58240;5.0880002975;117872;4439;17;465920;97411798;47177230
58368;4.5650000572;117627;3994;21;466944;97645424;47253948
58496;4.7560000420;118000;3871;19;467968;97879092;47326369
58624;5.2520003319;118527;4381;22;468992;98112802;47400912
58752;4.5840001106;118458;3913;22;470016;98346556;47475471
58880;5.6050004959;118852;4224;15;471040;98580352;47552190
59008;4.5970001221;119503;4059;22;472064;98814190;47626768
59136;4.8080000877;119505;3971;20;473088;99048071;47703486
59264;4.6090002060;119358;3939;21;474112;99281993;47780222
59392;4.6250000000;120001;4033;21;475136;99515958;47859115
59520;5.4560003281;120486;3889;23;476160;99749965;47931555
59648;5.3130002022;120457;4495;22;477184;99984014;48006098
59776;5.2020001411;121841;4419;14;478208;100218105;48080659
59904;4.6810002327;121721;4145;18;479232;100452238;48157375
60032;4.6600003242;121686;3934;8;480256;100686412;48231954
60160;4.6670002937;121504;4306;15;481280;100920628;48308672
60288;5.0380001068;122616;4371;19;482304;101154886;48385408
60416;5.2090001106;123167;4215;31;483328;101389185;48464302
60544;4.8280000687;123534;4416;23;484352;101623525;48538900
60672;5.2160000801;123669;4269;26;485376;101857906;48615617
60800;4.6930003166;123602;4308;18;486400;102092329;48692353
60928;5.0060000420;124969;4617;19;487424;102326793;48771248
61056;5.1770000458;124563;4550;11;488448;102561297;48848001
61184;5.3760004044;125540;4348;27;489472;102795843;48926896
61312;4.9600000381;124455;3996;30;490496;103030430;49005808
61440;5.2590003014;125650;4457;32;491520;103265057;49086878
61568;5.7650003433;125803;4395;21;492544;103499725;49159337
61696;5.1410002708;125516;4089;20;493568;103734433;49233877
61824;5.0230002403;125700;4360;21;494592;103969182;49308437
61952;4.7590003014;126550;4197;15;495616;104203971;49385155
62080;5.3470001221;126868;4285;20;496640;104438801;49459734
62208;5.0370001793;126686;4499;18;497664;104673670;49536453
62336;4.7920002937;127543;4467;21;498688;104908580;49613188
62464;5.0680003166;127878;4489;11;499712;105143530;49692081
62592;5.0650000572;128126;4317;23;500736;105378520;49766679
62720;5.3550000191;128536;4329;21;501760;105613550;49843397
62848;7.9090003967;128746;4781;18;502784;105848620;49920134
62976;5.3990001678;129947;4551;26;503808;106083730;49999029
63104;4.8310003281;128982;4307;25;504832;106318879;50075782
63232;9.1820001602;130178;4694;29;505856;106554067;50154677
63360;5.2470002174;129751;4191;26;506880;106789296;50233588
63488;5.0870003700;129583;4429;26;507904;107024563;50314658
63616;5.4630002975;130835;4903;19;508928;107259870;50389274
63744;4.8820004463;130057;4250;15;509952;107495217;50465991
63872;5.0570001602;130897;4388;22;510976;107730602;50542728
64000;5.2820000648;131153;4627;24;512000;107966026;50621621
64128;4.8880000114;131161;4470;24;513024;108201490;50698376
64256;5.5540003777;131536;4528;17;514048;108436992;50777271
64384;5.3460001945;132084;4668;22;515072;108672534;50856184
64512;5.4680004120;132533;4669;29;516096;108908114;50937252
64640;8.2320003510;133421;4889;35;517120;109143733;51014026
64768;4.9470000267;133426;4580;25;518144;109379390;51092919
64896;10.7670001984;133695;5307;29;519168;109615086;51171833
65024;5.1220002174;133262;4530;21;520192;109850821;51252901
65152;5.4970002174;134600;4807;14;521216;110086594;51331833
65280;5.5190000534;134514;4813;29;522240;110322405;51412902
65408;5.1200003624;133689;4633;9;523264;110558255;51493990
65536;5.4770002365;133189;4783;17;524288;110794142;51577237
65664;5.7610001564;133106;5341;21;525312;111030068;51707385
65792;5.7100000381;135911;4399;16;526336;111266032;51839525
65920;5.0090003014;136656;4563;22;527360;111502034;51971685
66048;5.6000003815;136522;4947;19;528384;111738074;52106004
66176;5.7720003128;136704;4586;24;529408;111974151;52238182
66304;5.6240000725;137271;4854;20;530432;112210266;52372500
66432;5.0630002022;137460;4687;26;531456;112446419;52506836
66560;5.2460002899;138448;4838;26;532480;112682610;52643332
66688;5.4120001793;138318;4726;22;533504;112918838;52775528
66816;5.1280002594;138185;4420;21;534528;113155103;52909845
66944;10.1440000534;139234;5127;28;535552;113391406;53044184
67072;5.6270003319;139809;4869;21;536576;113627747;53180675
67200;5.2920002937;140021;4677;19;537600;113864124;53315031
67328;9.5200004578;140404;4830;20;538624;114100539;53451525
67456;5.8850002289;141050;4897;26;539648;114336990;53588036
67584;5.7760004997;140935;4780;20;540672;114573479;53726706
67712;5.2380003929;140979;4944;22;541696;114810005;53858921
67840;5.4070000648;142238;5211;24;542720;115046567;53993240
67968;5.5460004807;142066;4663;16;543744;115283167;54127576
68096;10.3540000916;143195;5249;23;544768;115519803;54264072
68224;6.1140003204;143199;5053;30;545792;115756476;54398425
68352;5.8780002594;143722;5015;27;546816;115993185;54534918
68480;8.0850000381;144060;5066;25;547840;116229931;54671431
68608;5.7980003357;143872;4761;21;548864;116466713;54810100
68736;8.7430000305;143963;4796;26;549888;116703532;54944474
68864;7.9320001602;144952;5118;19;550912;116940387;55080968
68992;5.4210004807;145052;4957;22;551936;117177279;55217480
69120;5.9610004425;145254;5065;17;552960;117414206;55356149
69248;5.8020000458;145724;5172;27;553984;117651170;55492681
69376;5.5730004311;146009;4920;27;555008;117888170;55631350
69504;5.8400001526;146197;5133;21;556032;118125206;55770038
69632;5.9570002556;146787;4997;26;557056;118362277;55910885
69760;5.5030002594;147145;5069;19;558080;118599385;56043118
69888;5.4260001183;146567;4897;22;559104;118836529;56177435
70016;6.0670003891;146832;5325;24;560128;119073708;56311772
70144;5.9630002975;147544;4873;24;561152;119310923;56448266
70272;6.3190002441;147735;5313;24;562176;119548173;56582620
70400;6.2190003395;148117;5241;16;563200;119785459;56719116
70528;6.1290001869;148087;4998;17;564224;120022780;56855626
70656;6.3200001717;148188;5022;25;565248;120260137;56994296
70784;5.5530004501;148704;4658;26;566272;120497529;57128669
70912;6.3270001411;149344;4868;29;567296;120734957;57265163
71040;5.8490004539;149368;5230;22;568320;120972420;57401675
71168;6.3780002594;150251;5070;19;569344;121209918;57540346
71296;6.2250003815;149978;5186;22;570368;121447451;57676877
71424;6.2750000954;150483;5502;17;571392;121685019;57815547
71552;6.3770003319;151258;5387;26;572416;121922621;57954236
71680;5.6600003242;150768;5249;22;573440;122160259;58095081
71808;6.2500004768;151190;5311;16;574464;122397932;58229471
71936;5.9680004120;152221;5401;20;575488;122635640;58365967
72064;5.8530001640;151573;5415;21;576512;122873382;58502479
72192;5.7110004425;152318;4905;25;577536;123111159;58641148
72320;6.3300004005;151985;5225;13;578560;123348970;58777679
72448;6.2720003128;153167;5325;28;579584;123586816;58916350
72576;6.5570001602;153511;5422;30;580608;123824697;59055037
72704;5.7460002899;153663;5208;24;581632;124062611;59195883
72832;6.1840004921;154496;5261;28;582656;124300561;59332432
72960;6.6460003853;154429;5386;24;583680;124538544;59471103
73088;5.7530002594;155832;5337;14;584704;124776562;59609789
73216;6.3770003319;155288;4978;29;585728;125014614;59750635
73344;12.8570003510;156796;5928;25;586752;125252700;59889346
73472;6.5310001373;156931;5534;25;587776;125490820;60030189
73600;5.8080000877;156522;5450;33;588800;125728974;60171053
73728;5.8060002327;157062;5459;18;589824;125967162;60314074
73856;6.1070003510;156573;5186;26;590848;126205384;60446325
73984;13.8240003586;156898;5977;29;591872;126443640;60580646
74112;6.4890003204;156596;5359;14;592896;126681929;60714979
74240;6.5240001678;156845;5120;18;593920;126920252;60851473
74368;6.5320005417;157461;5412;15;594944;127158609;60985829
74496;6.5720005035;158211;5300;25;595968;127397000;61122323
74624;6.5590004921;158410;5379;23;596992;127635424;61258834
74752;10.4720001221;159129;5591;35;598016;127873881;61397505
74880;5.9480004311;158719;5234;25;599040;128112372;61531878
75008;6.6280002594;159552;5655;15;600064;128350896;61668372
75136;5.9810004234;160346;5559;20;601088;128589453;61804884
75264;6.6600003242;159630;5691;28;602112;128828044;61943553
75392;5.9960002899;160944;5565;19;603136;129066668;62080084
75520;5.9990000725;160989;5327;17;604160;129305325;62218754
75648;6.5000004768;161664;5638;16;605184;129544015;62357442
75776;6.0780000687;161409;5392;24;606208;129782738;62498288
75904;6.4920001030;162109;5798;14;607232;130021494;62632680
76032;6.8350005150;162217;5745;27;608256;130260283;62769175
76160;6.1120004654;162937;5765;14;609280;130499105;62905685
76288;6.7850003242;163638;5798;23;610304;130737960;63044356
76416;6.5800004005;163057;5433;20;611328;130976847;63180886
76544;6.4510002136;164125;5656;17;612352;131215767;63319558
76672;6.1220002174;163942;5269;27;613376;131454720;63458244
76800;6.1280002594;163708;5617;19;614400;131693705;63599090
76928;7.0380001068;163913;5262;23;615424;131932723;63735639
77056;6.8460001945;164807;5409;20;616448;132171773;63874309
77184;7.0690002441;165252;5564;29;617472;132410855;64012997
77312;7.0840001106;165429;5802;29;618496;132649970;64153843
77440;6.2390003204;165394;5825;15;619520;132889118;64292551
77568;6.2280001640;166659;5725;16;620544;133128297;64433397
77696;6.9170002937;166653;5687;23;621568;133367509;64574261
77824;6.9230003357;166776;5503;30;622592;133606753;64717283
77952;6.9440002441;166726;5651;31;623616;133846029;64851691
78080;7.2210001945;166500;6011;26;624640;134085337;64988187
78208;7.2060003281;167902;5886;21;625664;134324677;65124699
78336;6.9720001221;167940;6089;19;626688;134564049;65263368
78464;6.4390001297;167982;5857;24;627712;134803453;65399899
78592;7.0030002594;168049;5741;22;628736;135042888;65538568
78720;7.0690002441;169041;6343;23;629760;135282356;65677257
78848;7.0830001831;168941;5838;13;630784;135521855;65818103
78976;14.8800010681;169338;5932;31;631808;135761386;65954653
79104;6.3780002594;169688;6128;16;632832;136000948;66093322
79232;7.0770001411;169558;6195;20;633856;136240542;66232010
79360;6.3990001678;170709;5876;30;634880;136480168;66372856
79488;7.1170001030;170784;5780;24;635904;136719825;66511563
79616;7.0460004807;170777;5521;23;636928;136959513;66652409
79744;7.0860004425;171252;6034;34;637952;137199233;66793273
79872;6.9620003700;172327;5788;32;638976;137438984;66936301
80000;7.0260004997;172647;5970;30;640000;137678766;67072862
80128;6.9780001640;172606;5740;25;641024;137918580;67211532
80256;7.1830005646;172309;5787;26;642048;138158425;67350220
80384;10.9840002060;173623;5718;28;643072;138398301;67491066
80512;6.5180001259;173570;5725;26;644096;138638208;67629773
80640;7.2210001945;174108;5720;24;645120;138878146;67770619
80768;7.2520003319;174869;5986;18;646144;139118115;67911484
80896;7.5690002441;175072;6186;21;647168;139358114;68054506
81024;7.0470004082;175946;6243;26;648192;139598145;68193230
81152;6.5740003586;176052;6100;25;649216;139838207;68334076
81280;9.3550004959;176693;6562;27;650240;140078299;68474939
81408;6.5670003891;176317;6609;18;651264;140318422;68617961
81536;7.1090002060;177138;6175;20;652288;140558576;68758846
81664;6.6490001678;176958;5918;23;653312;140798760;68901867
81792;6.6450004578;177462;5688;32;654336;141038975;69044907
81920;6.7030005455;177715;6335;20;655360;141279221;69190105
82048;6.8170003891;177641;6479;24;656384;141519497;69322375
82176;6.6220002174;178315;5842;31;657408;141759803;69456691
82304;7.2570004463;178603;5891;30;658432;142000140;69591028
82432;6.9880003929;179259;5878;19;659456;142240507;69727523
82560;7.3380002975;179683;6099;26;660480;142480905;69861877
82688;6.9130001068;179906;5951;30;661504;142721333;69998371
82816;7.4220004082;180895;6090;27;662528;142961790;70134883
82944;6.8000001907;180542;6010;24;663552;143202279;70273552
83072;7.0730004311;180780;6113;19;664576;143442797;70407926
83200;7.3810005188;181102;6144;16;665600;143683345;70544421
83328;6.8150005341;181280;5944;25;666624;143923923;70680932
83456;6.8230004311;181642;5982;21;667648;144164532;70819602
83584;7.5830001831;181771;5998;17;668672;144405170;70956133
83712;7.7390003204;182258;6243;21;669696;144645838;71094804
83840;6.8440003395;182145;5691;21;670720;144886536;71233490
83968;7.7380003929;182995;6308;22;671744;145127263;71374337
84096;6.8570003510;183042;6080;15;672768;145368021;71508727
84224;7.7380003929;184193;5935;31;673792;145608808;71645223
84352;6.9300003052;183565;6419;16;674816;145849625;71781734
84480;7.7110004425;184512;6357;20;675840;146090471;71920404
84608;7.0770001411;183678;6266;17;676864;146331347;72056935
84736;7.7190003395;184574;6387;16;677888;146572253;72195605
84864;7.7490005493;184825;6339;24;678912;146813188;72334293
84992;7.8880004883;185575;6465;27;679936;147054152;72475139
85120;7.6150002480;186257;6350;24;680960;147295146;72611688
85248;11.2730007172;185943;6484;636;681984;147536169;72750359
85376;7.2130002975;186275;5890;31;683008;147777221;72889045
85504;7.0360002518;186538;5917;20;684032;148018303;73029891
85632;7.6390004158;186870;6313;25;685056;148259414;73168599
85760;7.0900001526;187463;6501;10;686080;148500554;73309445
85888;7.0700001717;187348;5878;15;687104;148741723;73450308
86016;7.0990004539;188094;6369;43;688128;148982921;73593331
86144;7.1130003929;188508;6429;19;689152;149224148;73727740
86272;7.6950001717;188828;6497;27;690176;149465405;73864234
86400;9.1430006027;188740;6663;27;691200;149706690;74000745
86528;7.1180005074;189165;6396;21;692224;149948004;74139415
86656;7.1450004578;189770;6264;18;693248;150189347;74275946
86784;7.7620005608;189610;6248;25;694272;150430719;74414617
86912;7.1940002441;190879;6374;21;695296;150672119;74553305
87040;7.9640002251;190855;7140;29;696320;150913549;74694152
87168;7.5090003014;191382;6162;32;697344;151155007;74830700
87296;7.2410001755;191473;5522;14;698368;151396493;74969370
87424;8.0950002670;191038;6713;34;699392;151638009;75108058
87552;7.2940001488;191595;6438;21;700416;151879552;75248904
87680;7.8630003929;191856;6284;27;701440;152121125;75387612
87808;7.2770004272;192222;6536;24;702464;152362726;75528457
87936;8.1880006790;193041;6578;27;703488;152604355;75669322
88064;7.8200001717;192776;6650;21;704512;152846013;75812343
88192;7.3540005684;193782;6436;30;705536;153087699;75948911
88320;7.3390002251;193564;6168;24;706560;153329413;76087580
88448;8.2000007629;194668;6834;18;707584;153571156;76226269
88576;7.3830003738;194019;6031;23;708608;153812927;76367114
88704;8.1730003357;194948;5996;19;709632;154054726;76505821
88832;8.1090002060;195360;6318;24;710656;154296553;76646667
88960;7.6570005417;195191;6349;31;711680;154538408;76787532
89088;7.4430003166;196423;6667;31;712704;154780292;76930554
89216;7.5740003586;196056;6789;14;713728;155022203;77069278
89344;7.4380002022;195489;6763;26;714752;155264143;77210125
89472;7.9990005493;196162;6548;20;715776;155506110;77350988
89600;8.0180006027;196150;6971;22;716800;155748105;77494010
89728;7.8660001755;197149;6114;20;717824;155990129;77634893
89856;7.7020001411;197321;6729;24;718848;156232180;77777916
89984;7.5290002823;196765;6556;32;719872;156474259;77920956
90112;7.5270004272;198582;6726;20;720896;156716365;78066153
90240;7.9630002975;197476;6691;23;721920;156958499;78200580
90368;7.5030002594;198022;6699;28;722944;157200661;78337074
90496;8.3540000916;198798;6438;27;723968;157442851;78473586
90624;7.9850006104;198816;6815;30;724992;157685068;78612257
90752;7.5740003586;198937;6449;22;726016;157927313;78748787
90880;12.2370004654;199156;7127;31;727040;158169585;78887458
91008;7.6050004959;199168;6856;20;728064;158411885;79026145
91136;8.1280002594;200423;6845;26;729088;158654212;79166992
91264;7.7510004044;200671;7145;21;730112;158896567;79303540
91392;14.1490011215;200185;7254;15;731136;159138949;79442211
91520;7.6730003357;201002;6473;21;732160;159381358;79580898
91648;7.6700005531;201893;6696;27;733184;159623795;79721744
91776;7.6830005646;201270;7121;23;734208;159866259;79860452
91904;8.3270006180;202546;6791;23;735232;160108750;80001297
92032;7.9480004311;202559;6626;18;736256;160351268;80142161
92160;7.9450001717;203340;7067;33;737280;160593814;80285183
92288;7.7860002518;202903;7243;19;738304;160836386;80421751
92416;7.7260003090;203172;6772;27;739328;161078986;80560420
92544;7.7460002899;203802;6576;24;740352;161321612;80699108
92672;8.5820007324;203813;7284;28;741376;161564266;80839955
92800;7.7940001488;203794;6497;25;742400;161806946;80978661
92928;11.2470006943;204468;6664;23;743424;162049654;81119507
93056;8.2130002975;205035;6793;19;744448;162292388;81260371
93184;7.8950004578;205981;6514;21;745472;162535149;81403392
93312;7.8450002670;205672;6616;12;746496;162777937;81542118
93440;8.5760002136;207192;6943;16;747520;163020752;81682964
93568;8.2740001678;206777;7535;26;748544;163263593;81823829
93696;12.2130002975;206959;7360;33;749568;163506461;81966851
93824;7.8700003624;206397;6845;28;750592;163749356;82107733
93952;7.9230003357;207817;7495;25;751616;163992278;82250755
94080;8.4240007401;206933;6903;28;752640;164235226;82393795
94208;7.9270005226;208109;6658;36;753664;164478200;82538993
94336;8.6370000839;207595;7156;20;754688;164721201;82675577
94464;7.9350004196;207990;7183;28;755712;164964229;82814247
94592;8.7040004730;209235;6879;25;756736;165207283;82952937
94720;8.5980005264;209079;6787;23;757760;165450363;83093782
94848;7.9880003929;209580;6956;23;758784;165693470;83232489
94976;8.6030006409;209384;7474;14;759808;165936603;83373335
95104;8.0870008469;210212;6850;22;760832;166179762;83514198
95232;8.0680007935;210492;6971;25;761856;166422948;83657221
95360;12.3550004959;211855;6818;22;762880;166666160;83795947
95488;12.7170009613;211183;7226;23;763904;166909398;83936793
95616;8.5180006027;212086;7342;27;764928;167152662;84077657
95744;19.0830001831;212330;7749;28;765952;167395952;84220680
95872;8.9739999771;212492;7127;19;766976;167639269;84361561
96000;8.1240005493;212108;7183;27;768000;167882611;84504583
96128;8.5160007477;212882;6633;25;769024;168125979;84647623
96256;8.5060005188;212644;7351;31;770048;168369374;84792822
96384;18.6700000763;214429;7594;13;771072;168612794;84931566
96512;8.1260004044;213179;6976;28;772096;168856241;85072410
96640;8.8720006943;213508;6984;24;773120;169099713;85213274
96768;8.1780004501;214039;7158;22;774144;169343211;85356297
96896;8.7510004044;214457;7143;28;775168;169586735;85497181
97024;8.2540006638;215227;7416;33;776192;169830284;85640201
97152;8.2170000076;215136;7026;25;777216;170073860;85783241
97280;8.5659999847;215956;6881;33;778240;170317461;85928440
97408;8.3390007019;216085;7313;28;779264;170561087;86069341
97536;8.3910007477;216207;6756;25;780288;170804740;86212362
97664;8.2500000000;216100;7751;26;781312;171048418;86355402
97792;8.2690000534;216779;7468;30;782336;171292121;86500600
97920;8.6460008621;217983;7030;25;783360;171535850;86643659
98048;8.2740001678;216919;7021;25;784384;171779605;86788857
98176;9.0020008087;217723;7477;37;785408;172023385;86934073
98304;11.2200002670;216739;7559;25;786432;172267191;87081448
98432;8.3320007324;216065;7520;19;787456;172511022;87152805
98560;8.3299560547;218093;7212;16;788480;172754878;87226201
98688;8.3220005035;218483;7281;18;789504;172998759;87299604
98816;8.4079999924;219234;7122;27;790528;173242666;87375170
98944;8.3920001984;219175;6932;24;791552;173486599;87448597
99072;8.9880008698;220316;7489;31;792576;173730556;87524164
99200;8.9960002899;220672;7409;18;793600;173974539;87599747
99328;8.3870000839;221381;7458;38;794624;174218547;87677489
99456;9.0840005875;159727;5858;26;795648;174462580;84408125
99584;8.4460000992;221291;7626;28;796672;174706638;87826500
99712;8.5570001602;222525;7476;32;797696;174950721;87902085
99840;8.4409999847;221729;7516;31;798720;175194829;87979826
99968;12.2120008469;222682;7648;32;799744;175438962;88055430
100096;8.4840002060;222571;7305;25;800768;175683121;88133171
100224;8.9390001297;223846;7131;14;801792;175927304;88210931
100352;8.6990003586;223786;7576;32;802816;176171512;88290849
100480;8.9770002365;223079;7788;22;803840;176415745;88364312
100608;9.1040000916;224222;7315;31;804864;176660003;88439878
100736;8.5170001984;224391;7255;32;805888;176904285;88515462
100864;8.5030002594;224207;7507;20;806912;177148593;88593204
100992;8.8870000839;225815;7330;23;807936;177392925;88668807
101120;8.5460004807;225312;7192;24;808960;177637282;88746549
101248;8.5560007095;225790;7215;20;809984;177881664;88824309
101376;9.2670001984;225882;7534;35;811008;178126070;88904228
101504;12.8710002899;225585;7550;57;812032;178370501;88979849
101632;8.5700006485;225897;7369;53;813056;178614956;89057590
101760;9.2630004883;227271;7166;26;814080;178859436;89135350
101888;8.7569999695;226990;7046;35;815104;179103941;89215268
102016;9.2480001450;227135;7109;35;816128;179348470;89293047
102144;8.6940002441;227571;7567;26;817152;179593024;89372965
102272;8.6100006104;228274;7519;22;818176;179837602;89452901
102400;8.8340005875;229054;7172;36;819200;180082205;89534995
102528;8.6340007782;229745;7518;27;820224;180326832;89608477
102656;9.0140008926;229193;7841;20;821248;180571483;89684043
102784;8.6570005417;229741;7428;37;822272;180816158;89759627
102912;8.7280006409;229838;7965;24;823296;181060858;89837368
103040;8.7040004730;229648;7328;30;824320;181305583;89912972
103168;9.2800006866;231233;7466;29;825344;181550331;89990715
103296;8.6930007935;231312;7143;23;826368;181795104;90068473
103424;13.5150003433;231843;8528;51;827392;182039900;90148393
103552;8.6940002441;230577;7730;35;828416;182284721;90224012
103680;9.4070005417;231728;7697;29;829440;182529567;90301754
103808;8.7070007324;232018;7639;34;830464;182774436;90379514
103936;8.9260005951;233278;7812;35;831488;183019329;90459432
104064;8.7250003815;232864;7871;26;832512;183264246;90537211
104192;11.2430009842;233650;8536;32;833536;183509187;90617130
104320;13.5680007935;234449;8484;39;834560;183754153;90697067
104448;15.7390003204;234131;8306;31;835584;183999142;90779160
104576;9.0750007629;233812;7483;31;836608;184244155;90854798
104704;12.4030008316;234430;7581;28;837632;184489192;90932541
104832;8.7950000763;234399;7732;29;838656;184734253;91010301
104960;9.0450000763;235833;8083;34;839680;184979337;91090218
105088;8.8350000381;235557;7478;21;840704;185224446;91167998
105216;9.2790002823;235589;7777;28;841728;185469578;91247916
105344;8.7920007706;236071;8077;26;842752;185714734;91327851
105472;9.3770008087;236592;7857;24;843776;185959914;91409947
105600;8.8660001755;236968;7866;31;844800;186205117;91487743
105728;9.2580003738;237855;7601;34;845824;186450344;91567660
105856;8.8410005569;237248;7785;14;846848;186695594;91647596
105984;8.9050006866;237391;7286;25;847872;186940869;91729690
106112;8.8390007019;238187;8353;33;848896;187186166;91809645
106240;8.8850002289;238651;8100;27;849920;187431488;91891740
106368;8.8680000305;238773;7191;19;850944;187676832;91973852
106496;9.1080007553;239900;7721;13;851968;187922201;92058122
106624;8.8950004578;239907;7993;26;852992;188167592;92131620
106752;9.5550003052;240621;7929;28;854016;188413008;92207187
106880;8.9270000458;239787;7746;23;855040;188658446;92282770
107008;8.9100008011;239681;7629;30;856064;188903908;92360512
107136;8.9460000992;240875;7952;24;857088;189149393;92436115
107264;9.4790000916;241158;8351;29;858112;189394902;92513858
107392;8.9300003052;241643;6881;31;859136;189640434;92591617
107520;8.9840002060;242286;8462;31;860160;189885989;92671536
107648;13.1890010834;241613;8238;30;861184;190131567;92747157
107776;9.4360008240;241832;8677;33;862208;190377169;92824899
107904;9.0140008926;242720;7672;22;863232;190622793;92902659
108032;8.9980001450;241964;8384;36;864256;190868441;92982577
108160;9.4590005875;243266;8265;17;865280;191114112;93060355
108288;9.0130004883;243453;8750;25;866304;191359806;93140274
108416;9.3930006027;244589;8213;37;867328;191605524;93220210
108544;9.1190004349;243795;8033;27;868352;191851264;93302303
108672;9.0180006027;244993;8118;31;869376;192097027;93377942
108800;9.7390003204;244161;8625;19;870400;192342813;93455685
108928;13.6520004272;245739;8293;23;871424;192588622;93533445
109056;9.0110006332;245337;8041;18;872448;192834454;93613362
109184;9.5950002670;247671;8069;20;873472;193080309;93691141
109312;9.0650005341;245938;7692;29;874496;193326187;93771059
109440;14.2830009460;246548;9112;43;875520;193572088;93850998
109568;12.7290010452;247408;8448;48;876544;193818011;93933090
109696;9.1040000916;247076;7981;40;877568;194063957;94010887
109824;9.0720005035;248434;8518;35;878592;194309926;94090804
109952;14.2250003815;249105;8875;34;879616;194555918;94170741
110080;9.3000001907;248288;8244;27;880640;194801933;94252834
110208;9.3620004654;248397;8596;33;881664;195047970;94332790
110336;9.5280008316;248701;8025;26;882688;195294030;94414883
110464;9.0989999771;248114;7948;40;883712;195540112;94496995
110592;9.6430006027;248854;8111;25;884736;195786217;94581265
110720;9.0960006714;249311;7873;24;885760;196032345;94656921
110848;12.8440008163;250803;8767;33;886784;196278495;94734665
110976;9.1710004807;250205;8351;34;887808;196524668;94812425
111104;9.1370000839;250263;7703;34;888832;196770863;94892342
111232;9.1309814453;251929;7564;23;889856;197017081;94970121
111360;9.7890005112;251272;8443;24;890880;197263321;95050039
111488;9.1520004272;252264;7822;24;891904;197509584;95129975
111616;9.4030008316;253544;8522;27;892928;197755869;95212069
111744;10.0800008774;252236;8032;33;893952;198002177;95289868
111872;9.3520002365;252701;8390;27;894976;198248506;95369785
112000;9.9560003281;253792;8684;21;896000;198494858;95449720
112128;9.3230009079;253313;9226;30;897024;198741233;95531815
112256;9.2200002670;253795;8544;42;898048;198987629;95611771
112384;9.1790008545;255028;8492;38;899072;199234048;95693863
112512;9.1830005646;255038;8263;35;900096;199480490;95775974
112640;9.8200006485;255388;8375;28;901120;199726953;95860245
112768;9.1649999619;255174;8187;29;902144;199973438;95938060
112896;9.2210006714;255787;8159;33;903168;200219946;96017978
113024;9.3580007553;256188;8411;25;904192;200466476;96097914
113152;9.2310009003;256326;8617;47;905216;200713028;96180008
113280;9.4310007095;255801;8385;43;906240;200959602;96259963
113408;9.8740005493;257072;8988;41;907264;201206198;96342059
113536;9.2490005493;256691;8714;25;908288;201452816;96424171
113664;18.9330005646;257959;10357;40;909312;201699456;96508442
113792;9.2420005798;257565;8791;30;910336;201946118;96588412
113920;9.2600002289;258202;8933;28;911360;202192802;96670506
114048;9.6190004349;258926;8200;25;912384;202439507;96752619
114176;9.2670001984;258548;8512;32;913408;202686235;96836888
114304;9.2670001984;259484;8664;22;914432;202932985;96919019
114432;11.8400001526;260700;9497;58;915456;203179756;97003290
114560;9.3440008163;261402;8892;26;916480;203426550;97087578
114688;9.3030004501;261396;8673;23;917504;203673365;97174023
114816;9.5040006638;260099;8652;30;918528;203920202;97247540
114944;9.8980007172;260895;8627;27;919552;204167060;97323106
115072;9.3480005264;262237;8036;20;920576;204413941;97398691
115200;9.6430006027;262940;8429;23;921600;204660843;97476433
115328;9.3340005875;261903;8507;52;922624;204907767;97552035
115456;9.3489999771;262679;8311;26;923648;205154712;97629777
115584;9.3590002060;262751;8725;21;924672;205401679;97707536
115712;9.4570007324;262868;8857;20;925696;205648668;97787455
115840;9.3760004044;263575;8472;14;926720;205895678;97863076
115968;9.5329999924;264565;8552;18;927744;206142710;97940818
116096;11.5380001068;263742;8936;28;928768;206389763;98018579
116224;9.3950004578;263585;9108;44;929792;206636838;98098496
116352;9.8800001144;263682;8831;29;930816;206883934;98176275
116480;9.4400005341;263889;8327;25;931840;207131052;98256195
116608;9.6930007935;265270;8984;19;932864;207378191;98336129
116736;10.0680007935;265171;8756;27;933888;207625352;98418224
116864;9.4790000916;266293;8746;33;934912;207872534;98493863
116992;9.5120000839;266213;9009;27;935936;208119737;98571605
117120;17.1240005493;267086;9952;27;936960;208366962;98649366
117248;9.4860000610;266215;8642;27;937984;208614208;98729282
117376;9.9700002670;267175;8401;28;939008;208861476;98807061
117504;14.0220003128;268353;8957;34;940032;209108764;98886980
117632;9.5480003357;268237;9393;28;941056;209356074;98966917
117760;9.4980001450;267514;8741;46;942080;209603405;99049009
117888;13.8550004959;267995;9012;41;943104;209850758;99126807
118016;9.5820007324;269495;9629;44;944128;210098131;99206725
118144;9.5740003586;269509;9458;27;945152;210345526;99286661
118272;9.5790004730;269272;9866;34;946176;210592942;99368756
118400;13.5850009918;270520;9612;37;947200;210840379;99448710
118528;9.6830005646;269584;8791;32;948224;211087837;99530803
118656;10.1740007401;270680;9477;31;949248;211335316;99612916
118784;13.3590002060;270515;8666;31;950272;211582816;99697186
118912;13.2600002289;271550;9741;25;951296;211830338;99772843
119040;9.7520008087;271672;9567;65;952320;212077880;99850584
119168;9.6400003433;271590;9232;31;953344;212325443;99928345
119296;10.2310009003;272089;9637;28;954368;212573027;100008263
119424;9.7000007629;272386;8487;39;955392;212820632;100086043
119552;9.6870002747;272157;9348;37;956416;213068258;100165960
119680;9.6860008240;273527;9558;28;957440;213315905;100245896
119808;9.7020006180;273251;9344;15;958464;213563573;100327990
119936;9.7760000229;273720;9321;33;959488;213811261;100405788
120064;9.7200002670;273927;9425;28;960512;214058971;100485705
120192;9.7220001221;274066;9468;30;961536;214306701;100565641
120320;9.7530002594;275061;9807;33;962560;214554452;100647736
120448;9.7230005264;275427;9907;36;963584;214802224;100727690
120576;9.8200006485;274796;9555;31;964608;215050016;100809784
120704;10.3090000153;276113;9560;30;965632;215297830;100891897
120832;9.7700004578;277316;9282;21;966656;215545664;100976167
120960;9.8460006714;277138;9754;30;967680;215793518;101053981
121088;9.7760000229;277192;9192;31;968704;216041393;101133899
121216;9.7450008392;277347;9256;21;969728;216289289;101213834
121344;10.1520004272;278149;8898;32;970752;216537206;101295929
121472;9.7530002594;277913;9806;28;971776;216785143;101375883
121600;17.4670009613;278669;10925;37;972800;217033100;101457979
121728;9.7950000763;278155;9816;26;973824;217281079;101540090
121856;9.9350004196;279276;10068;29;974848;217529077;101624361
121984;9.9840002060;280553;9857;28;975872;217777096;101704333
122112;10.4080009460;280214;9187;31;976896;218025136;101786426
122240;9.8270006180;279346;9522;26;977920;218273196;101868539
122368;9.8320007324;281714;9643;24;978944;218521277;101952809
122496;9.8420000076;280707;10232;29;979968;218769377;102034941
122624;9.8340005875;280457;9802;34;980992;219017499;102119210
122752;9.8240003586;280650;9624;34;982016;219265640;102203498
122880;9.7700004578;282175;8910;23;983040;219513803;102289944
123008;9.7990007401;281558;9022;37;984064;219761985;102365618
123136;9.9810009003;282630;9997;29;985088;220010188;102443362
123264;9.8250007629;282448;9502;26;986112;220258410;102521120
123392;9.8130006790;282048;9454;47;987136;220506654;102601038
123520;9.8250007629;283230;8976;42;988160;220754917;102678817
123648;10.3190002441;283478;9950;31;989184;221003201;102758736
123776;9.8510007858;283871;9430;15;990208;221251505;102838672
123904;9.8840007782;284595;9359;25;991232;221499829;102920765
124032;10.2460002899;283812;9339;22;992256;221748173;102998562
124160;9.9360008240;284994;9477;27;993280;221996537;103078482
124288;9.9840002060;286676;10102;35;994304;222244922;103158418
124416;9.9440002441;286015;9579;34;995328;222493326;103240511
124544;9.9600000381;286426;9450;36;996352;222741751;103320466
124672;9.9620008469;286389;10042;40;997376;222990195;103402561
124800;10.5410003662;287484;10147;26;998400;223238660;103484672
124928;9.9870004654;287606;8999;25;999424;223487145;103568943
125056;9.9970006943;288161;9835;23;1000448;223735650;103646757
125184;9.9550008774;287636;9838;36;1001472;223984174;103726674
125312;10.1060009003;287956;10080;45;1002496;224232719;103806612
125440;9.9740009308;288440;9782;35;1003520;224481283;103888705
125568;10.0530004501;289840;9782;28;1004544;224729868;103968660
125696;10.0800008774;289629;9843;24;1005568;224978472;104050754
125824;10.5570001602;290206;10185;23;1006592;225227097;104132866
125952;10.0280008316;290461;10210;21;1007616;225475741;104217137
126080;10.0250005722;290471;9553;32;1008640;225724404;104297109
126208;10.3990001678;291842;9071;33;1009664;225973088;104379203
126336;10.0600004196;290839;9709;22;1010688;226221792;104461315
126464;10.0770006180;292466;9739;20;1011712;226470515;104545585
126592;10.1110000610;292281;9729;24;1012736;226719258;104627716
126720;10.0590000153;291526;9344;20;1013760;226968021;104711985
126848;10.1560001373;291448;9991;33;1014784;227216803;104796273
126976;10.4580001831;290421;9157;27;1015808;227465605;104882719
127104;10.6220006943;292085;9516;25;1016832;227714427;104960552
127232;10.1160001755;291547;9734;47;1017856;227963269;105040470
127360;10.1080007553;293107;9926;28;1018880;228212130;105120407
127488;10.7000007629;293825;10067;31;1019904;228461010;105202501
127616;10.1879272461;294557;9650;24;1020928;228709911;105282462
127744;10.1480007172;292771;10164;28;1021952;228958831;105364549
127872;10.1290006638;294843;9756;37;1022976;229207770;105446661
128000;10.1400003433;294469;9990;37;1024000;229456729;105530932
