array_size;time_spent(s);PAPI_L1_TCM;PAPI_L2_TCM;PAPI_L3_TCM;DATA_BYTES;NUM_INSTRUCTIONS;PAPI_TOT_INS
2048;0.1580000073;516;881;102;16384;1468006400;779146
2176;0.1600000113;595;952;55;17408;1657241600;820309
2304;0.1750000119;541;941;38;18432;1857945600;892466
2432;0.1800000072;579;1016;46;19456;2070118400;918713
2560;0.1810000092;595;1048;86;20480;2293760000;958068
2688;0.1960000098;765;1184;51;21504;2528870400;1050257
2816;0.2130000144;637;1194;24;22528;2775449600;1181228
2944;0.2100000083;666;1142;49;23552;3033497600;1150234
3072;0.2100000083;703;1242;42;24576;3303014400;1193589
3200;0.2230000049;702;1309;48;25600;3584000000;1262167
3328;0.2290000170;773;1330;12;26624;3876454400;1296888
3456;0.2340000123;765;1293;37;27648;4180377600;1363125
3584;0.2460000068;788;1461;29;28672;4495769600;1431479
3712;0.2569999993;805;1324;84;29696;4822630400;1461311
3840;0.2930000126;904;1589;23;30720;5160960000;1672166
3968;0.2850000262;852;1483;58;31744;5510758400;1624846
4096;0.2780000269;872;1588;44;32768;5872025600;1580611
4224;0.2930000126;929;1482;29;33792;6244761600;1667185
4352;0.2920000255;963;1616;43;34816;6628966400;1714431
4480;0.3130000234;1173;1623;41;35840;7024640000;1832986
4608;0.3190000057;1294;1579;28;36864;7431782400;1861444
4736;0.3250000179;1097;1767;65;37888;7850393600;1904033
4864;0.3290000260;1488;1682;38;38912;8280473600;1924168
4992;0.3400000036;1454;1859;51;39936;8722022400;1974112
5120;0.3560000062;1508;2028;59;40960;9175040000;2071556
5248;0.3700000048;1335;1938;92;41984;9639526400;2110278
5376;0.3860000074;1361;1895;77;43008;10115481600;2144711
5504;0.3980000317;1563;1892;73;44032;10602905600;2200765
5632;0.4180000126;1393;1860;74;45056;11101798400;2283626
5760;0.3910000324;1412;1945;57;46080;11612160000;2300205
5888;0.4060000181;1960;1926;111;47104;12133990400;2389214
6016;0.4370000064;1642;2055;54;48128;12667289600;2518852
6144;0.4460000098;2080;2078;49;49152;13212057600;2545021
6272;0.4440000355;2349;2124;80;50176;13768294400;2625359
6400;0.4470000267;2019;2215;35;51200;14336000000;2643721
6528;0.7400000095;2119;2239;1589;52224;14915174400;2616699
6656;0.7990000248;2336;2846;48;53248;15505817600;2737654
6784;0.6600000262;2497;2194;103;54272;16107929600;2778348
6912;0.5270000100;2308;2288;33;55296;16721510400;2842412
7040;0.5370000005;1984;2334;100;56320;17346560000;2898194
7168;0.5170000196;2072;2380;87;57344;17983078400;2980224
7296;0.5180000067;2311;2418;38;58368;18631065600;2979764
7424;0.5340000391;2696;2502;118;59392;19290521600;3061805
7552;0.5580000281;3371;2537;68;60416;19961446400;3207829
7680;0.5420000553;2592;2540;97;61440;20643840000;3217930
7808;0.5530000329;3162;2580;60;62464;21337702400;3274047
7936;0.5590000153;2669;2624;38;63488;22043033600;3215947
8064;0.6000000238;4555;2744;55;64512;22759833600;3477131
8192;0.6250000000;3599;2697;36;65536;23488102400;3619035
8320;0.7070000172;4073;2820;1939;66560;24227840000;3580192
8448;0.7070000172;3261;2745;95;67584;24979046400;3599211
8576;0.7110000253;3173;2789;183;68608;25741721600;3617532
8704;0.6780000329;2988;2841;73;69632;26515865600;3673198
8832;0.6640000343;3859;2848;118;70656;27301478400;3729600
8960;0.6810000539;3510;3730;65;71680;28098560000;3667882
9088;0.6930000186;3722;2864;70;72704;28907110400;3893788
9216;0.6880000234;3734;2954;69;73728;29727129600;3843065
9344;0.7090000510;3966;2998;106;74752;30558617600;3976677
9472;0.6820000410;3561;2992;139;75776;31401574400;3930703
9600;0.6810000539;3878;3591;115;76800;32256000000;3888450
9728;0.7650000453;4854;5190;72;77824;33121894400;4212972
9856;0.7020000219;3760;3217;79;78848;33999257600;4169379
9984;0.7000000477;4246;3244;70;79872;34888089600;4164575
10112;0.7380000353;3862;3226;99;80896;35788390400;4273711
10240;0.7610000372;3984;3201;85;81920;36700160000;4261897
10368;0.7630000114;4708;3543;120;82944;37623398400;4381804
10496;0.8000000119;4892;3507;145;83968;38558105600;4448512
10624;0.7890000343;4039;3404;22;84992;39504281600;4553681
10752;0.8490000367;6977;3420;96;86016;40461926400;4773811
10880;0.8220000267;4680;3566;147;87040;41431040000;4538464
11008;0.8040000200;4164;3493;148;88064;42411622400;4585533
11136;0.8230000138;4907;3508;101;89088;43403673600;4706994
11264;0.8370000124;4894;3588;126;90112;44407193600;4988671
11392;0.8270000219;5339;3568;107;91136;45422182400;4932314
11520;0.8350000381;5079;4311;104;92160;46448640000;4850989
11648;0.8610000610;6790;3647;86;93184;47486566400;5145888
11776;0.8510000110;6169;3618;68;94208;48535961600;5094132
11904;0.8530000448;5267;3827;120;95232;49596825600;5076400
12032;0.8490000367;5166;4391;46;96256;50669158400;5051237
12160;0.9390000701;8558;4134;101;97280;51752960000;5607222
12288;0.8680000305;4827;3816;121;98304;52848230400;5170895
12416;0.9320000410;5464;4187;205;99328;53954969600;5228167
12544;0.9860000610;7441;4197;173;100352;55073177600;5440914
12672;0.9650000334;6334;3958;166;101376;56202854400;5411579
12800;0.9820000529;5307;3957;36;102400;57344000000;5536425
12928;0.9300000668;6371;4193;71;103424;58496614400;5528688
13056;1.0170000792;7018;4108;105;104448;59660697600;5676056
13184;1.0380001068;7864;4546;121;105472;60836249600;5853530
13312;1.0480000973;7987;4321;144;106496;62023270400;5825373
13440;0.9890000224;5602;4289;125;107520;63221760000;5719249
13568;0.9990000725;6894;4677;76;108544;64431718400;5873797
13696;1.0270000696;8102;4297;126;109568;65653145600;6130644
13824;1.0060000420;7660;4323;92;110592;66886041600;6011322
13952;1.0190000534;7475;4304;108;111616;68130406400;6074092
14080;1.0279999971;6628;4587;131;112640;69386240000;6136563
14208;1.0660001040;8324;5649;81;113664;70653542400;6275122
14336;1.0400000811;7464;4438;58;114688;71932313600;6207477
14464;1.0960000753;9443;6159;117;115712;73222553600;6557004
14592;1.0950000286;6709;5154;79;116736;74524262400;6316890
14720;1.1019999981;6856;4521;77;117760;75837440000;6343816
14848;1.1030000448;8256;4868;54;118784;77162086400;6497728
14976;1.1320000887;6793;5199;96;119808;78498201600;6415890
15104;1.2920000553;7748;4812;3325;120832;79845785600;6584228
15232;1.2640000582;7003;4585;265;121856;81204838400;6462402
15360;1.3340001106;8152;5593;62;122880;82575360000;6710367
15488;1.3800001144;11959;5667;105;123904;83957350400;7103949
15616;1.2920000553;10062;5513;139;124928;85350809600;6934453
15744;1.2470000982;7569;5166;158;125952;86755737600;6705776
15872;1.2060000896;7241;5045;116;126976;88172134400;7009884
16000;1.2050000429;7593;5430;45;128000;89600000000;6766795
16128;1.3290001154;9690;8342;155;129024;91039334400;7133916
16256;1.2680000067;9550;5229;160;130048;92490137600;7200738
16384;1.1990000010;9482;5488;119;131072;93952409600;7152646
16512;1.2120000124;8705;6003;80;132096;95426150400;7230277
16640;1.2330000401;10270;6066;91;133120;96911360000;7385021
16768;1.3190000057;9284;6901;124;134144;98408038400;7535753
16896;1.3000000715;10449;6664;88;135168;99916185600;7572621
17024;1.2890000343;8010;6517;144;136192;101435801600;7440461
17152;1.2760000229;9181;5758;223;137216;102966886400;7400818
17280;1.3530000448;10607;6092;188;138240;104509440000;7790818
17408;1.3510000706;10309;6406;111;139264;106063462400;7844143
17536;1.3550000191;11113;7493;120;140288;107628953600;7652305
17664;1.3190000057;9066;6073;81;141312;109205913600;7661949
17792;1.3560000658;9801;5636;94;142336;110794342400;7900180
17920;1.3750001192;10468;5927;99;143360;112394240000;7995736
18048;1.3709716797;10276;6040;144;144384;114005606400;7984849
18176;1.3540000916;9069;5760;248;145408;115628441600;7748830
18304;1.4030001163;11230;7009;101;146432;117262745600;8111009
18432;1.4380000830;10491;6396;256;147456;118908518400;8100976
18560;1.4250000715;9781;7074;200;148480;120565760000;7994806
18688;1.4870001078;13156;7155;209;149504;122234470400;8670748
18816;1.4250000715;11116;6132;195;150528;123914649600;8305066
18944;1.4100000858;9517;5966;88;151552;125606297600;8165178
19072;1.4480000734;10032;6087;328;152576;127309414400;8388092
19200;1.4930000305;12570;7268;244;153600;129024000000;8661289
19328;1.5060000420;9930;6325;184;154624;130750054400;8480581
19456;1.5390000343;11384;7342;168;155648;132487577600;8567792
19584;1.5360000134;12805;7079;49;156672;134236569600;8655232
19712;2.0870001316;10152;6123;4403;157696;135997030400;8548983
19840;2.1650002003;12910;7483;153;158720;137768960000;8887818
19968;1.8610000610;12145;6534;129;159744;139552358400;8899901
20096;1.7240000963;12879;6687;142;160768;141347225600;9187638
20224;1.6740000248;10914;7885;110;161792;143153561600;8787004
20352;1.6300001144;12789;7859;123;162816;144971366400;9243182
20480;1.6300001144;11722;7369;148;163840;146800640000;9126104
20608;1.5990000963;12319;7480;117;164864;148641382400;9326214
20736;1.6750000715;15568;9877;139;165888;150493593600;9545782
20864;1.5580000877;10824;6637;172;166912;152357273600;9000609
20992;1.5500000715;10559;7562;105;167936;154232422400;8987942
21120;1.6220000982;13753;8752;189;168960;156119040000;9463648
21248;1.6070001125;12570;8124;80;169984;158017126400;9356695
21376;1.6900000572;14214;11555;227;171008;159926681600;9586303
21504;1.6550000906;13164;8124;160;172032;161847705600;9620544
21632;1.7030000687;16705;8943;194;173056;163780198400;9957668
21760;1.6670000553;12670;10002;160;174080;165724160000;9584748
21888;1.6980000734;14040;8207;130;175104;167679590400;9890776
22016;1.6800000668;13168;8405;289;176128;169646489600;9784445
22144;1.7470000982;16306;11506;116;177152;171624857600;10139714
22272;1.7670000792;16243;7184;206;178176;173614694400;10341318
22400;1.7520000935;13301;9055;185;179200;175616000000;9904155
22528;1.8640000820;15377;13542;103;180224;177628774400;10187811
22656;1.7470000982;11441;9202;228;181248;179653017600;9841922
22784;1.8060001135;12258;8970;155;182272;181688729600;10207851
22912;1.8000000715;13543;9358;58;183296;183735910400;10191693
23040;1.8200000525;13669;9788;228;184320;185794560000;10270952
23168;1.8450000286;13768;10042;122;185344;187864678400;10160849
23296;1.8330000639;14760;8571;247;186368;189946265600;10334002
23424;1.8710000515;13330;8715;121;187392;192039321600;10604682
23552;1.8570001125;13904;10937;63;188416;194143846400;10439617
23680;1.8610000610;14335;7931;212;189440;196259840000;10504142
23808;1.8870000839;15498;10128;173;190464;198387302400;10648002
23936;1.9150000811;16338;10760;236;191488;200526233600;10811916
24064;1.8970000744;14530;9127;273;192512;202676633600;10694839
24192;1.9050000906;14915;11644;122;193536;204838502400;10766468
24320;1.9870001078;16499;9288;268;194560;207011840000;11205178
24448;1.8890000582;13816;8750;67;195584;209196646400;10689733
24576;1.9900001287;16991;9565;204;196608;211392921600;11220765
24704;1.9300000668;13887;9558;140;197632;213600665600;10878132
24832;1.9400000572;14818;10814;348;198656;215819878400;10899142
24960;1.9540001154;15032;10421;349;199680;218050560000;10991307
25088;1.9960000515;15742;9414;241;200704;220292710400;11283863
25216;1.9770001173;14558;11082;125;201728;222546329600;11150808
25344;2.0050001144;14885;9315;106;202752;224811417600;11356628
25472;2.0400002003;15623;8962;246;203776;227087974400;11530446
25600;2.0940001011;19563;12314;150;204800;229376000000;11889454
25728;2.0710000992;18850;12870;176;205824;231675494400;11715301
25856;2.1500000954;21152;13395;301;206848;233986457600;12142872
25984;2.0650000572;17260;10370;162;207872;236308889600;11606249
26112;2.1210000515;19336;9652;113;208896;238642790400;11986918
26240;2.1280000210;17149;10183;198;209920;240988160000;12059470
26368;2.0740001202;16253;10198;226;210944;243344998400;11717815
26496;2.0720000267;15099;9831;150;211968;245713305600;11792824
26624;2.1420001984;18120;11136;112;212992;248093081600;12120741
26752;2.1670000553;19112;12225;140;214016;250484326400;12313439
26880;2.1770000458;17745;16564;162;215040;252887040000;12084637
27008;2.1590001583;16539;11731;190;216064;255301222400;12251682
27136;2.2760000229;21344;14802;76;217088;257726873600;12699053
27264;2.1940000057;19281;12202;404;218112;260163993600;12389319
27392;2.1570000648;17385;12557;304;219136;262612582400;12175631
27520;2.2550001144;22356;12608;168;220160;265072640000;12770481
27648;2.1590001583;15856;13904;105;221184;267544166400;12200275
27776;2.3040001392;22183;13623;152;222208;270027161600;13082166
27904;2.2470002174;18780;10616;210;223232;272521625600;12709074
28032;2.1860001087;18413;13933;226;224256;275027558400;12775183
28160;2.2550001144;21522;14259;134;225280;277544960000;13107009
28288;2.2250001431;20015;13466;191;226304;280073830400;13016372
28416;2.2410001755;18805;15035;199;227328;282614169600;12803149
28544;2.2420001030;21588;16638;140;228352;285165977600;13299139
28672;2.3410000801;24279;14078;265;229376;287729254400;13466709
28800;2.2990000248;22365;15415;234;230400;290304000000;13513055
28928;2.2700002193;19128;12327;247;231424;292890214400;13164929
29056;2.3059999943;21269;12114;129;232448;295487897600;13423641
29184;2.2960000038;18518;10447;167;233472;298097049600;13394253
29312;2.2890000343;20300;13053;198;234496;300717670400;13353768
29440;2.2430000305;17836;12709;117;235520;303349760000;13012678
29568;2.3250000477;21456;16998;188;236544;305993318400;13574994
29696;2.3640000820;22416;16337;182;237568;308648345600;13820367
29824;2.3800001144;19198;13286;587;238592;311314841600;13532077
29952;2.3059999943;20534;12277;366;239616;313992806400;13445818
30080;2.4420001507;25078;15868;324;240640;316682240000;14214490
30208;2.4350001812;25344;17560;271;241664;319383142400;14274723
30336;2.3690001965;21268;16447;152;242688;322095513600;13842916
30464;2.5530002117;29740;20708;253;243712;324819353600;14947433
30592;2.3470001221;19123;11401;193;244736;327554662400;13694842
30720;2.4420001507;21916;17183;217;245760;330301440000;14210937
30848;2.3720002174;17402;14781;272;246784;333059686400;13626748
30976;2.4500000477;23986;18898;162;247808;335829401600;14389758
31104;3.5340001583;20152;14396;6727;248832;338610585600;13898973
31232;4.0710000992;18135;13619;295;249856;341403238400;13909027
31360;3.9380002022;21334;13203;318;250880;344207360000;14326723
31488;3.4160001278;21698;13982;277;251904;347022950400;14080700
31616;3.5480000973;23939;14400;338;252928;349850009600;14570366
31744;2.5890002251;25134;14319;203;253952;352688537600;14839594
31872;2.4960000515;22625;15422;177;254976;355538534400;14572310
32000;2.5180001259;23040;15728;295;256000;358400000000;14723038
32128;2.4810001850;22099;15376;230;257024;361272934400;14465074
32256;2.5410001278;23784;14879;196;258048;364157337600;14837973
32384;2.5000000000;22819;14302;210;259072;367053209600;14683600
32512;2.5880000591;28200;20253;147;260096;369960550400;15484522
32640;2.5820000172;26075;17297;123;261120;372879360000;15398147
32768;2.6150000095;22169;14965;214;262144;375809638400;14958684
32896;2.5400002003;21786;17506;254;263168;378751385600;14747707
33024;2.7310001850;24830;17394;173;264192;381704601600;15460017
33152;2.6900000572;23451;17217;266;265216;384669286400;15216955
33280;2.6990001202;23159;14565;195;266240;387645440000;15404577
33408;2.6550002098;23216;18403;249;267264;390633062400;15309691
33536;2.7140002251;29275;17963;162;268288;393632153600;15918283
33664;2.6860001087;23527;20004;161;269312;396642713600;15316532
33792;2.6230001450;23918;17290;226;270336;399664742400;15469146
33920;2.6300001144;21533;18218;245;271360;402698240000;15172780
34048;2.7620000839;24541;20852;302;272384;405743206400;15685721
34176;2.7240002155;23906;18206;337;273408;408799641600;15653097
34304;2.7060000896;21962;16192;234;274432;411867545600;15262394
34432;2.7650001049;23762;17342;189;275456;414946918400;15459589
34560;2.8110001087;27234;18353;220;276480;418037760000;16245056
34688;2.7920000553;26072;20157;376;277504;421140070400;16035871
34816;3.2100000381;23739;16927;7506;278528;424253849600;15853385
34944;3.1500000954;23521;16985;227;279552;427379097600;15943296
35072;3.0530002117;22476;17246;335;280576;430515814400;15737583
35200;3.0920002460;28489;21280;324;281600;433664000000;16572917
35328;2.9150002003;23303;17118;236;282624;436823654400;16008949
35456;2.8760001659;26292;18843;272;283648;439994777600;16273960
35584;2.8580000401;24720;15773;268;284672;443177369600;16335401
35712;3.0240001678;30259;17761;248;285696;446371430400;17180767
35840;2.9900002480;28233;22223;209;286720;449576960000;16739834
35968;2.8920001984;27626;19363;167;287744;452793958400;16570481
36096;2.8490002155;25687;16914;309;288768;456022425600;16632857
36224;2.7910001278;23236;18585;185;289792;459262361600;16545512
36352;2.7870001793;24133;19487;217;290816;462513766400;16519177
36480;2.7950000763;26885;19152;192;291840;465776640000;16852250
36608;2.8080000877;27904;16479;273;292864;469050982400;16901187
36736;2.8550000191;31897;16083;246;293888;472336793600;17193625
36864;2.9720001221;30903;23854;214;294912;475634073600;17511554
36992;3.0130002499;25193;20373;346;295936;478942822400;17083337
37120;3.0740001202;30811;26232;365;296960;482263040000;17657011
37248;2.9970002174;26921;20917;242;297984;485594726400;17160884
37376;3.0930001736;29179;26114;198;299008;488937881600;17581465
37504;3.0540001392;32007;18386;283;300032;492292505600;17841618
37632;3.0350000858;30798;26428;142;301056;495658598400;17646007
37760;3.0350000858;29189;23222;183;302080;499036160000;17543452
37888;2.8950002193;26488;18917;221;303104;502425190400;17201603
38016;2.9770002365;29587;23788;253;304128;505825689600;17673083
38144;3.1030001640;29474;20674;276;305152;509237657600;18159820
38272;2.9710001945;31014;22146;207;306176;512661094400;17915886
38400;2.9680001736;27723;27777;312;307200;516096000000;17668380
38528;3.0150001049;29035;19747;246;308224;519542374400;18171150
38656;3.0510001183;30230;16604;372;309248;523000217600;18043558
38784;3.0280001163;27717;23991;295;310272;526469529600;17871032
38912;3.0400002003;33305;21715;187;311296;529950310400;18266158
39040;3.0750000477;31054;24235;280;312320;533442560000;18536996
39168;3.0510001183;27836;18855;326;313344;536946278400;18020493
39296;3.1040000916;30040;21662;252;314368;540461465600;18275178
39424;3.1260001659;30989;17849;316;315392;543988121600;18458540
39552;3.0950000286;26451;19544;275;316416;547526246400;18056665
39680;3.1130001545;28353;23564;234;317440;551075840000;18345586
39808;3.0740001202;28411;21664;337;318464;554636902400;18227082
39936;3.1930000782;32342;26475;279;319488;558209433600;18858159
40064;3.2360000610;33891;32564;202;320512;561793433600;19158984
40192;3.2070002556;31249;22165;278;321536;565388902400;18710966
40320;3.1480002403;28817;26251;231;322560;568995840000;18295058
40448;4.3670001030;40728;34816;9276;323584;572614246400;19905390
40576;3.8220002651;32215;28302;285;324608;576244121600;19075142
40704;3.7440001965;29789;21301;419;325632;579885465600;18664585
40832;3.6290001869;30505;21776;527;326656;583538278400;19033229
40960;3.7320001125;32367;23842;482;327680;587202560000;19210963
41088;3.6870002747;31411;19794;227;328704;590878310400;19010744
41216;3.6260001659;35768;28436;264;329728;594565529600;19767309
41344;3.4740002155;26730;21591;376;330752;598264217600;18807389
41472;3.4260001183;30252;23115;233;331776;601974374400;19203307
41600;3.4430000782;34684;23076;217;332800;605696000000;19636535
41728;3.4490001202;34196;22703;314;333824;609429094400;19720442
41856;3.4880001545;33463;26269;310;334848;613173657600;19783953
41984;3.3870000839;32517;24205;554;335872;616929689600;19366396
42112;3.5000002384;35133;31286;427;336896;620697190400;19939195
42240;3.5100002289;32179;25297;364;337920;624476160000;19731067
42368;3.5180001259;38194;31227;183;338944;628266598400;20382402
42496;3.4170000553;30170;25474;186;339968;632068505600;19727139
42624;3.5940001011;39578;30295;196;340992;635881881600;20735253
42752;3.3210000992;27175;23982;307;342016;639706726400;19028404
42880;3.4140002728;29151;21829;550;343040;643543040000;19543957
43008;3.5670001507;39850;34037;389;344064;647390822400;20764183
43136;3.4900002480;32341;24048;260;345088;651250073600;19875820
43264;3.5410001278;34034;29817;209;346112;655120793600;20291806
43392;3.4590001106;30959;23426;240;347136;659002982400;20247216
43520;3.5010001659;33749;25941;256;348160;662896640000;20392668
43648;3.5460002422;37201;28355;313;349184;666801766400;20722704
43776;3.6370000839;36790;27424;321;350208;670718361600;20620294
43904;3.8030002117;47127;37557;283;351232;674646425600;22110999
44032;3.5840001106;34084;23427;277;352256;678585958400;20284764
44160;3.5730001926;31146;21658;348;353280;682536960000;20262813
44288;3.7780001163;41610;33419;208;354304;686499430400;21509949
44416;3.5080001354;30547;28292;270;355328;690473369600;20249000
44544;3.5440001488;33295;24896;309;356352;694458777600;20618247
44672;3.6780002117;41751;32420;214;357376;698455654400;21490188
44800;3.5630002022;35637;30813;203;358400;702464000000;20811353
44928;3.6280002594;37566;28574;178;359424;706483814400;21226302
45056;3.7400002480;42747;28806;243;360448;710515097600;21893995
45184;3.6210002899;35982;24997;264;361472;714557849600;21174083
45312;3.6270000935;35495;29925;298;362496;718612070400;21149159
45440;3.5950002670;33501;25946;288;363520;722677760000;21052419
45568;3.7160000801;35958;35957;282;364544;726754918400;21419736
45696;3.8280000687;33264;27054;393;365568;730843545600;21032489
45824;3.9640002251;39995;32888;362;366592;734943641600;21921469
45952;3.9680001736;38900;28349;408;367616;739055206400;22013383
46080;3.5780000687;34019;26209;282;368640;743178240000;21365508
46208;3.7990002632;48593;41775;277;369664;747312742400;23015415
46336;3.7280001640;40273;33405;292;370688;751458713600;22130319
46464;3.6640002728;36144;31201;303;371712;755616153600;21759581
46592;3.6930000782;35039;26055;243;372736;759785062400;21744556
46720;3.6700000763;34752;28893;374;373760;763965440000;21682016
46848;3.7280001640;35550;26042;243;374784;768157286400;21769127
46976;3.6500000954;34389;25616;285;375808;772360601600;21561900
47104;3.8150002956;42862;33327;306;376832;776575385600;22688148
47232;3.7490000725;36821;27729;369;377856;780801638400;22135334
47360;3.8220002651;43984;34024;244;378880;785039360000;22787689
47488;4.5050001144;39021;29298;10195;379904;789288550400;22345693
47616;4.4990000725;38728;29205;500;380928;793549209600;22429774
47744;4.2640004158;38703;32296;285;381952;797821337600;22421351
47872;4.0500001907;35536;26419;246;382976;802104934400;22275813
48000;3.9370002747;35452;26866;361;384000;806400000000;22340257
48128;3.9430000782;37946;31476;318;385024;810706534400;22388823
48256;3.9110002518;42502;34717;309;386048;815024537600;23075137
48384;3.7950000763;39768;36093;504;387072;819354009600;22942351
48512;3.7750000954;36693;29373;352;388096;823694950400;22450703
48640;3.8690001965;40633;30311;276;389120;828047360000;23049367
48768;3.8260002136;39261;27818;282;390144;832411238400;22602424
48896;3.8830001354;41866;30181;440;391168;836786585600;23126176
49024;6.0860004425;38737;31667;11383;392192;841173401600;23092814
49152;6.2440004349;44069;41565;505;393216;845571686400;23668977
49280;4.4400000572;40601;34371;273;394240;849981440000;23313372
49408;4.2520003319;42851;34836;174;395264;854402662400;23360512
49536;4.0659999847;39426;31528;322;396288;858835353600;23345716
49664;4.0640001297;41873;36754;211;397312;863279513600;23665034
49792;4.6540002823;47598;39162;10402;398336;867735142400;24041710
49920;4.6500000954;45008;36725;329;399360;872202240000;24032154
50048;4.3140001297;39157;40435;331;400384;876680806400;23381746
50176;4.2710003853;37642;33241;287;401408;881170841600;23189355
50304;4.3029999733;44196;40864;293;402432;885672345600;24033876
50432;4.0950002670;40194;34309;286;403456;890185318400;23678445
50560;3.9350001812;36216;30809;293;404480;894709760000;22932498
50688;4.2780003548;53205;43583;366;405504;899245670400;25218475
50816;4.0980000496;43486;36997;313;406528;903793049600;23989284
50944;4.3610000610;55157;51362;376;407552;908351897600;25682348
51072;4.1630001068;44350;32628;343;408576;912922214400;24374660
51200;4.2540001869;49676;50902;407;409600;917504000000;25015420
51328;4.3010001183;50518;43230;248;410624;922097254400;25316514
51456;4.3040003777;48828;52197;300;411648;926701977600;25199333
51584;4.1540002823;41716;29917;385;412672;931318169600;24249560
51712;4.2860002518;47195;42685;256;413696;935945830400;24993034
51840;4.2109999657;45471;32261;371;414720;940584960000;24673367
51968;4.2480001450;45469;37861;320;415744;945235558400;24909596
52096;4.2650003433;42721;37607;456;416768;949897625600;24818692
52224;4.1500000954;39354;32659;289;417792;954571161600;24227787
52352;4.1110000610;37386;32144;336;418816;959256166400;24032088
52480;4.1830000877;39673;32087;360;419840;963952640000;24480523
52608;4.2130002975;40649;30357;365;420864;968660582400;24555240
52736;4.3550000191;47790;42724;341;421888;973379993600;25410322
52864;4.1220002174;37451;31215;311;422912;978110873600;24014377
52992;4.2090001106;40337;31303;334;423936;982853222400;24614007
53120;4.4460000992;47377;38291;279;424960;987607040000;25196470
53248;4.3200001717;41786;35771;461;425984;992372326400;25088663
53376;4.5310001373;41536;33095;281;427008;997149081600;24934546
53504;4.5850000381;58883;55902;200;428032;1001937305600;27004745
53632;4.2580003738;45656;43904;328;429056;1006736998400;25493531
53760;4.3850002289;52744;55721;294;430080;1011548160000;26484948
53888;4.1920003891;43072;33155;382;431104;1016370790400;25276792
54016;4.3310003281;51872;49353;228;432128;1021204889600;26187781
54144;4.2730002403;46113;38597;246;433152;1026050457600;25789373
54272;4.1600003242;41545;33900;568;434176;1030907494400;25119118
54400;4.7000002861;54685;51392;404;435200;1035776000000;26706350
54528;4.2230000496;42844;37711;385;436224;1040655974400;25395751
54656;4.2940001488;44919;35070;265;437248;1045547417600;25879798
54784;4.2140002251;40827;31645;404;438272;1050450329600;25346956
54912;4.2050004005;42136;33838;311;439296;1055364710400;25329568
55040;4.3360004425;46907;36440;288;440320;1060290560000;26165771
55168;4.5320000648;57336;54559;238;441344;1065227878400;27400491
55296;4.2690000534;43397;38457;364;442368;1070176665600;25700869
55424;4.3230004311;43807;34176;322;443392;1075136921600;26064039
55552;4.3330001831;44585;41768;377;444416;1080108646400;26080430
55680;4.3630003929;46390;38335;338;445440;1085091840000;26281785
55808;4.3760004044;45361;35206;422;446464;1090086502400;26432644
55936;4.4610004425;48953;47642;475;447488;1095092633600;26837157
56064;4.3090000153;42463;36299;439;448512;1100110233600;25857784
56192;4.3610000610;44369;31350;379;449536;1105139302400;26335459
56320;4.5130000114;51082;41842;433;450560;1110179840000;27129559
56448;4.3430004120;43252;38288;272;451584;1115231846400;26177239
56576;4.4530000687;46180;38604;385;452608;1120295321600;26792685
56704;4.4860000610;50066;38108;305;453632;1125370265600;27086688
56832;4.4660000801;42886;33126;413;454656;1130456678400;26502841
56960;4.6400003433;48083;36494;3571;455680;1135554560000;26909846
57088;8.6960000992;47078;39778;12117;456704;1140663910400;27052664
57216;6.9620003700;49505;48520;311;457728;1145784729600;27275651
57344;4.8620004654;43928;36621;486;458752;1150917017600;26800308
57472;4.8960003853;53614;55882;347;459776;1156060774400;27821178
57600;4.7800002098;51382;48613;261;460800;1161216000000;27613466
57728;4.7300000191;50512;45149;520;461824;1166382694400;27704033
57856;4.7920002937;47147;39954;347;462848;1171560857600;27272819
57984;8.0360002518;51844;47724;12199;463872;1176750489600;27884107
58112;7.1330003738;48612;40568;523;464896;1181951590400;27363654
58240;5.1800003052;50605;43165;474;465920;1187164160000;27917949
58368;4.9760003090;52728;48528;366;466944;1192388198400;28249536
58496;5.1290001869;63062;74248;469;467968;1197623705600;29374817
58624;4.7660002708;53229;51210;401;468992;1202870681600;28382114
58752;4.7390003204;51025;44513;382;470016;1208129126400;28250175
58880;4.7890000343;52926;49458;406;471040;1213399040000;28407120
59008;4.8630003929;53077;38655;413;472064;1218680422400;28432195
59136;4.7680001259;48381;43007;429;473088;1223973273600;28078522
59264;4.9000000954;57451;50917;341;474112;1229277593600;28985391
59392;4.9610004425;58109;49821;349;475136;1234593382400;29411732
59520;4.8170003891;49857;37456;436;476160;1239920640000;28112523
59648;4.7660002708;49061;46228;286;477184;1245259366400;28091185
59776;4.7720003128;47261;42347;318;478208;1250609561600;27916133
59904;5.2590003014;71450;82823;294;479232;1255971225600;30953397
60032;4.8050003052;48541;43084;287;480256;1261344358400;28107672
60160;4.8530001640;49476;41637;309;481280;1266728960000;28431441
60288;4.9120001793;53302;48928;307;482304;1272125030400;28860621
60416;4.9190001488;53237;45150;336;483328;1277532569600;28834685
60544;5.0630002022;59199;42786;388;484352;1282951577600;29752525
60672;5.0230002403;58704;56833;393;485376;1288382054400;29491222
60800;5.0530004501;54873;54216;400;486400;1293824000000;29407494
60928;4.8710002899;49708;40371;250;487424;1299277414400;28506219
61056;5.0520000458;55980;52341;275;488448;1304742297600;29666571
61184;4.9710001945;53149;48851;204;489472;1310218649600;29124308
61312;5.2570004463;68962;58944;473;490496;1315706470400;30760587
61440;4.9840002060;50847;42162;420;491520;1321205760000;29063927
61568;4.9990000725;51897;43185;416;492544;1326716518400;29246361
61696;5.0000000000;53161;49830;245;493568;1332238745600;29163478
61824;4.9860000610;47826;44148;350;494592;1337772441600;28812176
61952;5.0370001793;52970;45343;398;495616;1343317606400;29533188
62080;5.1650004387;61686;57807;232;496640;1348874240000;30235658
62208;5.1810002327;60118;54081;356;497664;1354442342400;30478434
62336;4.9830002785;50423;38118;403;498688;1360021913600;29106122
62464;5.1460003853;56908;53409;379;499712;1365612953600;30266924
62592;5.1110000610;53797;43811;325;500736;1371215462400;29708856
62720;5.7680001259;53328;47547;13191;501760;1376829440000;29815846
62848;5.6130003929;53548;43846;574;502784;1382454886400;29900414
62976;5.5070004463;55963;44418;488;503808;1388091801600;30129442
63104;5.3290004730;50163;41785;414;504832;1393740185600;29745741
63232;5.4490003586;68636;63163;394;505856;1399400038400;32022230
63360;5.1980004311;55858;45177;282;506880;1405071360000;30474870
63488;5.2580003738;59430;48758;379;507904;1410754150400;30899854
63616;5.2400002480;57267;50145;474;508928;1416448409600;30478576
63744;5.2280001640;58615;46249;369;509952;1422154137600;30641008
63872;5.1770000458;54417;46747;352;510976;1427871334400;30259605
64000;5.2550001144;55815;51137;447;512000;1433600000000;30767046
64128;6.1360001564;64743;53879;15698;513024;1439340134400;31722695
64256;5.9070000648;55655;55887;552;514048;1445091737600;30497818
64384;5.7290000916;59503;47601;401;515072;1450854809600;30777996
64512;5.7150001526;60773;56294;278;516096;1456629350400;31295441
64640;5.2490000725;51347;42794;453;517120;1462415360000;30045335
64768;5.2300000191;53428;46517;451;518144;1468212838400;30553767
64896;5.3150000572;57660;49926;262;519168;1474021785600;31048455
65024;5.2500004768;50588;49822;620;520192;1479842201600;30359911
65152;5.4000000954;60630;55627;325;521216;1485674086400;31507292
65280;5.3230004311;52979;45594;360;522240;1491517440000;30898476
65408;5.5140004158;61528;64927;305;523264;1497372262400;31780763
65536;5.3710002899;56419;43140;440;524288;1503238553600;31057140
65664;5.4590001106;65169;67759;474;525312;1509116313600;32052974
65792;5.7530002594;73941;67305;344;526336;1515005542400;33517022
65920;5.3040003777;50350;43960;438;527360;1520906240000;30747598
66048;5.2840003967;52809;44789;426;528384;1526818406400;30611835
66176;5.4120001793;55644;47158;406;529408;1532742041600;31381316
66304;5.7610001564;75580;73371;343;530432;1538677145600;33735974
66432;5.5150003433;58543;52314;476;531456;1544623718400;31944697
66560;5.5380001068;59010;48767;489;532480;1550581760000;32056692
66688;5.5330004692;58410;56654;629;533504;1556551270400;32116718
66816;5.4950003624;58335;51175;499;534528;1562532249600;31820682
66944;5.6720004082;63304;49828;330;535552;1568524697600;32886707
67072;5.4170002937;55539;57978;572;536576;1574528614400;31807395
67200;5.5570001602;60151;55799;438;537600;1580544000000;32440385
67328;5.5420002937;60990;52118;478;538624;1586570854400;32224889
67456;5.5920004845;62382;53789;484;539648;1592609177600;32533328
67584;5.5570001602;56344;48410;451;540672;1598658969600;32245373
67712;5.8270001411;71831;65386;528;541696;1604720230400;33949204
67840;5.3330001831;53003;45650;469;542720;1610792960000;31789800
67968;5.4880003929;64136;59865;489;543744;1616877158400;33109710
68096;5.5090003014;63840;57148;386;544768;1622972825600;33278637
68224;5.4160003662;60910;51627;442;545792;1629079961600;32704881
68352;5.3880004883;56148;48192;469;546816;1635198566400;32577946
68480;5.5110001564;60743;51306;564;547840;1641328640000;33206408
68608;5.6420001984;60003;45280;554;548864;1647470182400;33009892
68736;5.4830002785;61005;52673;343;549888;1653623193600;33103418
68864;5.8660001755;72433;58844;376;550912;1659787673600;34461761
68992;5.7820000648;67569;56862;404;551936;1665963622400;33859847
69120;5.7730002403;65599;56008;323;552960;1672151040000;33894066
69248;5.3830003738;53945;54248;442;553984;1678349926400;32283645
69376;6.1660003662;96902;126153;393;555008;1684560281600;37507309
69504;5.5540003777;61158;52509;301;556032;1690782105600;33442044
69632;5.5500001907;64208;56049;337;557056;1697015398400;33407607
69760;5.4950003624;61599;56113;427;558080;1703260160000;33200777
69888;5.4220004082;56513;50756;433;559104;1709516390400;32756710
70016;5.5020003319;60612;58163;410;560128;1715784089600;33155883
70144;5.6850004196;65960;72012;542;561152;1722063257600;34234751
70272;5.6070003510;64811;55517;587;562176;1728353894400;34193087
70400;5.5310001373;64373;56813;409;563200;1734656000000;33543503
70528;5.6330003738;64294;57766;473;564224;1740969574400;34048541
70656;5.8220005035;73805;75020;802;565248;1747294617600;35138738
70784;5.7430005074;69570;60307;429;566272;1753631129600;34647675
70912;5.6750001907;61705;52498;395;567296;1759979110400;34086607
71040;5.7180004120;65664;50630;471;568320;1766338560000;34654264
71168;5.7420001030;65848;54636;406;569344;1772709478400;34624322
71296;5.6260004044;59193;52565;353;570368;1779091865600;33780684
71424;5.9760003090;65832;56916;15213;571392;1785485721600;34717836
71552;6.4080004692;71945;72484;512;572416;1791891046400;35392861
71680;5.7130002975;58824;54381;620;573440;1798307840000;34026009
71808;5.8620004654;70268;69242;349;574464;1804736102400;35249165
71936;5.8010001183;67610;68770;526;575488;1811175833600;35070112
72064;5.7650003433;62663;61417;672;576512;1817627033600;34846148
72192;5.6140003204;58742;51931;826;577536;1824089702400;33809701
72320;5.7530002594;71388;75891;528;578560;1830563840000;35363087
72448;5.6730003357;62417;66759;535;579584;1837049446400;34671680
72576;5.7270002365;69269;68038;615;580608;1843546521600;35443442
72704;5.7290000916;62371;62906;754;581632;1850055065600;34549904
72832;5.7690000534;65918;59070;571;582656;1856575078400;34928454
72960;5.6220002174;57928;51769;424;583680;1863106560000;34332484
73088;5.6960000992;63455;58045;395;584704;1869649510400;34962218
73216;5.7890005112;73737;68646;474;585728;1876203929600;36173306
73344;5.6430001259;61624;54248;343;586752;1882769817600;34738247
73472;6.1290001869;86572;102503;607;587776;1889347174400;38028399
73600;5.6710004807;63537;58020;385;588800;1895936000000;34896314
73728;5.8060002327;74081;56319;530;589824;1902536294400;36416376
73856;6.0880002975;83283;88830;420;590848;1909148057600;37658906
73984;5.9290003777;75253;79491;303;591872;1915771289600;36550334
74112;5.8190002441;67913;69651;415;592896;1922405990400;35898117
74240;5.8780002594;72295;73204;300;593920;1929052160000;36441864
74368;5.8790001869;74142;70890;479;594944;1935709798400;36631611
74496;5.8790001869;71398;68774;441;595968;1942378905600;36308660
74624;5.6610002518;66416;60238;490;596992;1949059481600;35575849
74752;5.8260002136;65031;57734;452;598016;1955751526400;35608500
74880;5.7960004807;69878;66624;455;599040;1962455040000;36552185
75008;5.7000002861;61812;58807;789;600064;1969170022400;35692991
75136;5.8870000839;72686;73866;671;601088;1975896473600;36932759
75264;5.8260002136;66592;64549;358;602112;1982634393600;36064494
75392;5.9280004501;68129;60799;514;603136;1989383782400;36796910
75520;5.8690004349;67858;65797;491;604160;1996144640000;36347860
75648;5.9860000610;73583;73910;400;605184;2002916966400;37205257
75776;5.7850003242;65534;75937;474;606208;2009700761600;36018589
75904;5.7430005074;66766;65266;585;607232;2016496025600;36377998
76032;5.8700003624;74514;71970;512;608256;2023302758400;37142920
76160;5.7550001144;66035;62178;620;609280;2030120960000;36458331
76288;5.8950004578;73745;68976;590;610304;2036950630400;37309906
76416;5.9350004196;79588;89212;323;611328;2043791769600;37991132
76544;5.8120002747;72132;63852;569;612352;2050644377600;37026710
76672;5.7820000648;71943;67268;378;613376;2057508454400;37503608
76800;5.8370003700;68550;65263;477;614400;2064384000000;36950028
76928;5.8680005074;73418;67866;333;615424;2071271014400;37492004
77056;5.8560004234;71502;65918;425;616448;2078169497600;37250294
77184;5.7830004692;76751;73680;462;617472;2085079449600;37674082
77312;6.0180001259;77330;84350;549;618496;2092000870400;38138687
77440;5.8950004578;73835;77298;323;619520;2098933760000;37909574
77568;5.9940004349;73137;72640;425;620544;2105878118400;37761946
77696;7.3980002403;75647;85924;16252;621568;2112833945600;38318653
77824;7.3020005226;72594;71771;604;622592;2119801241600;37713662
77952;6.3920001984;70285;66934;630;623616;2126780006400;37167660
78080;6.4360003471;76682;75933;504;624640;2133770240000;38458695
78208;5.9590001106;68435;63424;469;625664;2140771942400;37427340
78336;6.0720005035;77124;79772;572;626688;2147785113600;38635700
78464;7.4380002022;77264;63940;16546;627712;2154809753600;38480924
78592;7.3910002708;74050;74957;521;628736;2161845862400;38274550
78720;6.3640003204;64842;57688;578;629760;2168893440000;37257631
78848;6.3970003128;74313;71521;639;630784;2175952486400;38361177
78976;6.0350003242;66978;65937;384;631808;2183023001600;37525571
79104;5.9360003471;68335;65086;589;632832;2190104985600;37513990
79232;6.0120000839;72581;62293;559;633856;2197198438400;38137257
79360;6.0430002213;74193;72219;491;634880;2204303360000;38539148
79488;6.1180005074;70049;69035;766;635904;2211419750400;38004306
79616;6.2230005264;74771;66230;605;636928;2218547609600;38419183
79744;6.1870002747;73360;71089;597;637952;2225686937600;38397913
79872;6.1840004921;76200;65201;642;638976;2232837734400;39021465
80000;6.0290002823;68989;62111;521;640000;2240000000000;38023691
80128;6.2170004845;80085;89060;363;641024;2247173734400;39310076
80256;6.0100002289;67828;63550;442;642048;2254358937600;37843669
80384;6.0390005112;67556;61003;526;643072;2261555609600;38169254
80512;6.2260003090;75303;87955;635;644096;2268763750400;39367024
80640;6.1980004311;70922;64591;299;645120;2275983360000;39110199
80768;6.2270002365;78232;86079;453;646144;2283214438400;39641280
80896;6.2160000801;78040;80552;261;647168;2290456985600;39679525
81024;6.1770005226;76192;78134;496;648192;2297711001600;39377688
81152;6.2210001945;78776;79613;502;649216;2304976486400;39761290
81280;6.3540000916;75661;77540;545;650240;2312253440000;39544224
81408;6.5100002289;81591;89435;556;651264;2319541862400;40081955
81536;6.6310005188;80997;86487;359;652288;2326841753600;40170802
81664;6.8800001144;91666;110000;470;653312;2334153113600;41695159
81792;6.6340003014;81017;90199;406;654336;2341475942400;40462620
81920;6.7199707031;82632;87519;669;655360;2348810240000;40637740
82048;6.4130001068;70502;64271;665;656384;2356156006400;39174669
82176;6.5640001297;76084;75686;374;657408;2363513241600;39985328
82304;6.5340003967;82485;77991;613;658432;2370881945600;40456367
82432;6.5180001259;79959;72560;541;659456;2378262118400;40500993
82560;6.4140005112;73017;71296;696;660480;2385653760000;39378282
82688;6.5200004578;75911;74805;557;661504;2393056870400;39881317
82816;6.5200004578;78691;73509;532;662528;2400471449600;40441693
82944;6.4830002785;76412;70526;685;663552;2407897497600;39979887
83072;6.7490005493;88297;96380;463;664576;2415335014400;41752955
83200;6.4480004311;74475;73959;647;665600;2422784000000;39930879
83328;6.5040001869;79590;68582;600;666624;2430244454400;40452281
83456;6.5400004387;77206;73219;414;667648;2437716377600;40375562
83584;6.7290000916;83500;86438;620;668672;2445199769600;41327856
83712;6.8290004730;93310;114969;486;669696;2452694630400;42628140
83840;7.1530003548;113924;140610;432;670720;2460200960000;44811063
83968;6.8820004463;96306;101682;411;671744;2467718758400;43066376
84096;6.8690004349;93532;110507;605;672768;2475248025600;42591538
84224;6.5930004120;81261;76966;719;673792;2482788761600;40894721
84352;6.8470001221;79682;73567;1166;674816;2490340966400;41108213
84480;6.6600003242;80774;72251;838;675840;2497904640000;41048749
84608;6.6510004997;82363;82987;422;676864;2505479782400;41758861
84736;7.9270005226;77022;70313;17595;677888;2513066393600;41003116
84864;7.4920005798;79704;70373;549;678912;2520664473600;40993305
84992;7.0170001984;80744;76932;771;679936;2528274022400;41355803
85120;6.6890001297;80722;71466;530;680960;2535895040000;41553937
85248;6.7750000954;86887;86766;834;681984;2543527526400;42267848
85376;6.7710003853;80554;90472;495;683008;2551171481600;41340742
85504;6.5610003471;73480;64372;499;684032;2558826905600;40575202
85632;6.7590003014;85041;74055;569;685056;2566493798400;42021337
85760;6.6280002594;75706;77839;466;686080;2574172160000;41047192
85888;6.7930002213;88904;92833;367;687104;2581861990400;42729563
86016;6.6290001869;82778;83663;407;688128;2589563289600;41990300
86144;6.5580000877;78085;70477;471;689152;2597276057600;41657771
86272;6.7120003700;87372;82903;437;690176;2605000294400;42589125
86400;6.8070001602;89836;95506;344;691200;2612736000000;43000635
86528;6.6940002441;78071;80216;685;692224;2620483174400;41516778
86656;6.8070001602;88807;92112;611;693248;2628241817600;42694943
86784;6.8910002708;85724;87728;366;694272;2636011929600;42885364
86912;6.8300004005;77560;76417;567;695296;2643793510400;42407202
87040;8.0840005875;76230;71551;18106;696320;2651586560000;41784861
87168;7.8310003281;95198;115194;583;697344;2659391078400;44100223
87296;8.0030002594;73646;69047;18286;698368;2667207065600;41268339
87424;8.1040000916;93820;96250;497;699392;2675034521600;44073231
87552;7.3770003319;84569;78638;568;700416;2682873446400;42818454
87680;7.1900005341;87136;80737;478;701440;2690723840000;42998073
87808;6.9270005226;77036;69500;521;702464;2698585702400;41883224
87936;7.2080001831;96623;106568;667;703488;2706459033600;44600051
88064;6.9470005035;87299;85434;633;704512;2714343833600;43154478
88192;6.9000000954;81162;73405;514;705536;2722240102400;42612347
88320;7.0660004616;89733;89917;553;706560;2730147840000;43822043
88448;7.1930003166;100795;111607;475;707584;2738067046400;45071303
88576;6.9250001907;80863;80793;409;708608;2745997721600;42911274
88704;6.9260001183;80276;83012;524;709632;2753939865600;42529833
88832;7.1410002708;88892;85510;520;710656;2761893478400;43901240
88960;7.1150002480;87262;88394;386;711680;2769858560000;43685781
89088;7.0930004120;86299;86578;518;712704;2777835110400;44085517
89216;7.0940003395;90371;89243;420;713728;2785823129600;43911406
89344;7.2110004425;93345;91735;408;714752;2793822617600;44571588
89472;7.0580005646;87118;98848;447;715776;2801833574400;43823157
89600;7.0230002403;84394;76282;614;716800;2809856000000;43516271
89728;6.9740004539;84424;77410;483;717824;2817889894400;43696153
89856;7.4240002632;105495;123908;523;718848;2825935257600;46139286
89984;7.0870003700;81202;82889;593;719872;2833992089600;43270181
90112;7.1210002899;86255;89585;566;720896;2842060390400;43925831
90240;7.2000002861;90655;86340;643;721920;2850140160000;44597985
90368;6.9990005493;84939;81171;596;722944;2858231398400;44025219
90496;6.9740004539;82367;83712;665;723968;2866334105600;43449918
90624;6.9950003624;79161;74174;492;724992;2874448281600;43671742
90752;8.5300006866;85724;90206;18921;726016;2882573926400;44106045
90880;8.3340005875;101339;117574;890;727040;2890711040000;46128490
91008;7.4440002441;87342;79759;556;728064;2898859622400;44746232
91136;7.8020005226;98931;91276;870;729088;2907019673600;45851159
91264;7.3300004005;84038;75624;652;730112;2915191193600;44307958
91392;7.5100002289;109385;115864;736;731136;2923374182400;46965661
91520;7.3140001297;90312;96178;678;732160;2931568640000;44875136
91648;7.2670001984;92763;104060;534;733184;2939774566400;45136229
91776;7.4050002098;97586;116077;550;734208;2947991961600;45859605
91904;7.1800003052;91878;111980;582;735232;2956220825600;45075921
92032;7.3470001221;101331;113649;436;736256;2964461158400;46301163
92160;7.5110001564;106195;133280;814;737280;2972712960000;47033316
92288;7.3650002480;97529;97403;523;738304;2980976230400;46109934
92416;7.0770001411;82544;91206;579;739328;2989250969600;44386780
92544;7.1370005608;80689;74351;561;740352;2997537177600;44515718
92672;7.3590002060;91329;87215;569;741376;3005834854400;45568734
92800;7.8190002441;105692;107813;2374;742400;3014144000000;47331935
92928;7.2940001488;79832;75709;753;743424;3022464614400;44466004
93056;7.4070005417;90988;93493;567;744448;3030796697600;45565995
93184;7.5450005531;95434;109904;581;745472;3039140249600;46385025
93312;7.2430005074;86751;93578;504;746496;3047495270400;44911435
93440;7.4420003891;97797;111760;674;747520;3055861760000;46691639
93568;7.1300001144;86498;82549;434;748544;3064239718400;45103567
93696;7.2330002785;84009;83713;777;749568;3072629145600;45118090
93824;7.5720005035;101129;104017;451;750592;3081030041600;47053057
93952;7.1680002213;86702;82289;596;751616;3089442406400;45797536
94080;7.2340002060;88158;89308;670;752640;3097866240000;45902713
94208;7.3620004654;99993;115290;576;753664;3106301542400;47004943
94336;7.3840003014;96764;104408;611;754688;3114748313600;47139792
94464;7.2390003204;90489;84821;610;755712;3123206553600;46237760
94592;7.1780004501;89012;85047;626;756736;3131676262400;45830759
94720;7.2190003395;86609;87048;729;757760;3140157440000;46108059
94848;7.2230005264;89548;95901;633;758784;3148650086400;46105320
94976;7.2920002937;87701;91123;645;759808;3157154201600;46412112
95104;7.4130005836;95612;97886;608;760832;3165669785600;47406660
95232;7.3590002060;93944;93440;615;761856;3174196838400;46916576
95360;7.4510002136;96427;99365;657;762880;3182735360000;47626799
95488;7.1600003242;84398;83312;490;763904;3191285350400;45708604
95616;7.1600003242;85744;84470;616;764928;3199846809600;45661198
95744;7.2180004120;85540;77212;585;765952;3208419737600;46062025
95872;7.3870005608;94403;109734;507;766976;3217004134400;47234515
96000;7.4920005798;98580;103803;624;768000;3225600000000;47852065
96128;7.3010001183;92457;87784;495;769024;3234207334400;46648716
96256;7.4740004539;99442;104133;541;770048;3242826137600;47671688
96384;7.4150004387;94515;90024;574;771072;3251456409600;47310504
96512;7.4160003662;95996;96779;474;772096;3260098150400;47435223
96640;7.7670001984;112912;141555;700;773120;3268751360000;49799546
96768;7.4140005112;94462;94630;723;774144;3277416038400;47360900
96896;9.5030002594;110224;126956;19882;775168;3286092185600;49359863
97024;13.5140008926;106965;112471;20255;776192;3294779801600;49042093
97152;12.4290008545;98664;107910;1036;777216;3303478886400;48373434
97280;7.6360001564;89421;87758;664;778240;3312189440000;47083096
97408;7.3960003853;87036;79985;592;779264;3320911462400;46950757
97536;7.6320004463;101159;116134;704;780288;3329644953600;48701696
97664;7.4990005493;97314;94536;563;781312;3338389913600;48092088
97792;7.5560002327;87329;79571;738;782336;3347146342400;47308010
97920;7.5550003052;94899;98158;502;783360;3355914240000;48144089
98048;7.4720001221;93297;95238;738;784384;3364693606400;47421516
98176;7.9510002136;114992;140075;1442;785408;3373484441600;50560562
98304;7.9360003471;108392;109518;782;786432;3382286745600;49488849
98432;7.8810005188;108196;112042;680;787456;3391100518400;49770188
98560;7.5770001411;96532;101563;656;788480;3399925760000;48210721
98688;7.7380003929;90832;90161;572;789504;3408762470400;48082600
98816;7.7230005264;105869;109686;557;790528;3417610649600;49511697
98944;7.9260005951;100443;110612;531;791552;3426470297600;49353020
99072;8.1800003052;108725;124201;1037;792576;3435341414400;50198183
99200;8.0160007477;95245;101587;955;793600;3444224000000;48202397
99328;7.9830002785;91173;90399;646;794624;3453118054400;48195588
99456;8.1400003433;107144;105065;653;795648;3462023577600;49609516
99584;7.8330001831;88714;91539;632;796672;3470940569600;47934768
99712;7.7410001755;100688;117007;786;797696;3479869030400;49153838
99840;7.7480001450;97166;104221;732;798720;3488808960000;49055316
99968;8.0040006638;91390;85528;919;799744;3497760358400;48281480
100096;8.2760000229;117506;129854;776;800768;3506723225600;51635022
100224;7.6020002365;89602;83401;638;801792;3515697561600;48171654
100352;7.9330005646;102363;100200;536;802816;3524683366400;49658479
100480;7.8410005569;92232;91998;810;803840;3533680640000;48882908
100608;7.7030005455;88408;89585;700;804864;3542689382400;48224790
100736;7.8620004654;97275;98026;620;805888;3551709593600;49390417
100864;7.7720003128;95085;102655;565;806912;3560741273600;48794866
100992;7.9170002937;99511;95625;760;807936;3569784422400;49617920
101120;8.1790008545;114400;134296;740;808960;3578839040000;51345259
101248;7.7070002556;94644;99366;650;809984;3587905126400;48869743
101376;7.7220005989;96120;98752;872;811008;3596982681600;48997754
101504;7.9780001640;104864;119298;720;812032;3606071705600;50102557
101632;7.8900003433;97599;99382;781;813056;3615172198400;49719117
101760;7.7640004158;90532;90412;687;814080;3624284160000;48786498
101888;7.7950005531;95052;94975;896;815104;3633407590400;49804086
102016;8.2390003204;110100;120960;784;816128;3642542489600;51282679
102144;7.9640002251;102340;111142;845;817152;3651688857600;50214187
102272;8.1979999542;119576;124421;491;818176;3660846694400;52296974
102400;7.9770002365;102577;108881;560;819200;3670016000000;50657306
102528;7.9680004120;105373;108133;742;820224;3679196774400;50610336
102656;13.0440006256;114097;133364;20866;821248;3688389017600;51682952
102784;9.2990007401;112389;140084;762;822272;3697592729600;51607047
102912;8.7569999695;119234;144302;940;823296;3706807910400;52726556
103040;7.9960002899;103381;132064;638;824320;3716034560000;50659905
103168;8.0720005035;112160;128364;960;825344;3725272678400;51656232
103296;7.9060001373;101245;111722;755;826368;3734522265600;50507727
103424;7.9870004654;102427;107766;1002;827392;3743783321600;50959446
103552;7.8700003624;99473;98577;942;828416;3753055846400;50291360
103680;8.1990003586;112666;126458;622;829440;3762339840000;52241591
103808;8.3420000076;124312;133872;2035;830464;3771635302400;53442441
103936;8.0860004425;105796;115065;935;831488;3780942233600;51751741
104064;7.9130005836;99326;93170;834;832512;3790260633600;50583785
104192;8.4079999924;124423;132312;826;833536;3799590502400;53974775
104320;7.9870004654;104084;107268;698;834560;3808931840000;51133636
104448;8.2550001144;102715;112535;634;835584;3818284646400;51437016
104576;8.2410001755;109246;113714;730;836608;3827648921600;52207897
104704;8.3340005875;108391;104551;690;837632;3837024665600;52019551
104832;8.4969482422;111288;118872;992;838656;3846411878400;52811945
104960;8.2550001144;98086;95889;650;839680;3855810560000;50868181
105088;8.6410007477;117910;135072;692;840704;3865220710400;53445989
105216;9.5160007477;106149;106241;21529;841728;3874642329600;52356305
105344;8.9580001831;107529;113010;1936;842752;3884075417600;52088157
105472;8.3540000916;104121;109587;674;843776;3893519974400;51497217
105600;8.4730005264;102760;103627;602;844800;3902976000000;52184592
105728;8.4820003510;109535;118198;668;845824;3912443494400;52643139
105856;9.1250000000;120483;165708;2949;846848;3921922457600;52184454
105984;8.6810007095;130171;140834;2897;847872;3931412889600;55184655
106112;8.9000005722;120615;119549;1267;848896;3940914790400;54199672
106240;8.5329999924;105115;115139;1160;849920;3950428160000;52146065
106368;8.7460002899;125488;156406;855;850944;3959952998400;54440758
106496;8.3760004044;109451;109332;820;851968;3969489305600;52787475
106624;8.2430000305;104070;117591;821;852992;3979037081600;51927103
106752;8.4840002060;109947;113117;766;854016;3988596326400;53071839
106880;8.3720006943;106607;109665;925;855040;3998167040000;52697203
107008;8.3060007095;104389;107728;766;856064;4007749222400;52574862
107136;8.3760004044;110776;123009;788;857088;4017342873600;53284970
107264;11.4430007935;114776;118160;22240;858112;4026947993600;53718631
107392;11.0530004501;101575;99688;1300;859136;4036564582400;52325660
107520;12.1820001602;105957;118514;22614;860160;4046192640000;52514835
107648;9.5170001984;114886;129992;760;861184;4055832166400;53998338
107776;10.2280006409;105296;111085;22703;862208;4065483161600;53024518
107904;9.9190006256;117006;139941;623;863232;4075145625600;54534314
108032;9.0410003662;112176;124078;661;864256;4084819558400;53753394
108160;8.7230005264;114024;131197;787;865280;4094504960000;54285636
108288;8.6150007248;109317;120625;661;866304;4104201830400;53651056
108416;8.6500005722;112590;117647;675;867328;4113910169600;54148778
108544;8.6230001450;117504;130860;645;868352;4123629977600;54450403
108672;8.5890007019;111131;137355;981;869376;4133361254400;54328687
108800;8.4990005493;112982;130361;714;870400;4143104000000;54350288
108928;8.3690004349;104627;115467;671;871424;4152858214400;53163451
109056;8.7710008621;128317;162554;750;872448;4162623897600;56200748
109184;8.4079999924;111645;122880;800;873472;4172401049600;53798983
109312;8.6900005341;120177;141710;614;874496;4182189670400;55228206
109440;8.6600008011;115755;142415;645;875520;4191989760000;54663845
109568;8.3559999466;98424;102934;666;876544;4201801318400;52745767
109696;8.5939331055;109994;131237;730;877568;4211624345600;54153540
109824;8.6180000305;111632;122698;506;878592;4221458841600;54519033
109952;8.7030000687;109487;118677;867;879616;4231304806400;54342076
110080;8.5770006180;109683;116870;608;880640;4241162240000;54230260
110208;8.5750007629;106082;109966;734;881664;4251031142400;54144754
110336;9.1460008621;135204;167780;512;882688;4260911513600;57477680
110464;8.7120008469;111367;114358;652;883712;4270803353600;54618872
110592;8.7040004730;112305;119572;630;884736;4280706662400;54718256
110720;8.6760005951;111040;118647;525;885760;4290621440000;54758901
110848;8.4610004425;104539;113822;803;886784;4300547686400;53850819
110976;8.5080003738;106928;117678;640;887808;4310485401600;54091541
111104;9.1820001602;141432;183262;806;888832;4320434585600;58129486
111232;8.6600008011;104609;108729;559;889856;4330395238400;54209104
111360;8.6059999466;103817;112920;587;890880;4340367360000;54020694
111488;8.8480005264;115030;133658;608;891904;4350350950400;55882171
111616;8.6280002594;105987;118280;668;892928;4360346009600;54461831
111744;9.3440008163;140642;152404;780;893952;4370352537600;59110431
111872;8.8710002899;117373;135787;678;894976;4380370534400;55670899
112000;8.8819999695;121082;139829;709;896000;4390400000000;56159831
112128;9.0740003586;135793;165551;598;897024;4400440934400;58020977
112256;8.8559999466;117610;119747;717;898048;4410493337600;56275785
112384;9.2080001831;115223;119327;909;899072;4420557209600;55857434
112512;9.1200008392;120893;138070;770;900096;4430632550400;56526730
112640;12.4270009995;117208;116312;22867;901120;4440719360000;55752728
112768;11.9780006409;118704;127970;1077;902144;4450817638400;56556564
112896;9.5610008240;119251;140860;763;903168;4460927385600;56276831
113024;9.5270004272;117250;138812;557;904192;4471048601600;56098353
113152;23.6820011139;121072;148385;22962;905216;4481181286400;56167558
113280;9.9080009460;125959;134559;984;906240;4491325440000;57133248
113408;9.3170003891;114030;111769;914;907264;4501481062400;55710882
113536;9.1840000153;117875;123179;965;908288;4511648153600;56535470
113664;8.8010005951;108099;108435;712;909312;4521826713600;54977162
113792;9.1760005951;128246;135669;655;910336;4532016742400;57927785
113920;8.9330005646;110782;131348;800;911360;4542218240000;56112127
114048;8.9149999619;119442;126514;699;912384;4552431206400;56708747
114176;8.8320007324;114587;111772;652;913408;4562655641600;56246464
114304;9.2030000687;134416;178624;610;914432;4572891545600;58411560
114432;8.7170000076;108272;107095;756;915456;4583138918400;55625969
114560;8.8520002365;113100;116434;564;916480;4593397760000;56272664
114688;9.0390005112;127373;147932;1037;917504;4603668070400;57831149
114816;8.9110002518;115994;118063;794;918528;4613949849600;56732131
114944;9.3390007019;136734;166594;755;919552;4624243097600;59370352
115072;9.0740003586;111587;123644;684;920576;4634547814400;56279918
115200;9.0500001907;117550;120129;787;921600;4644864000000;56947318
115328;8.9020004272;108942;117785;924;922624;4655191654400;56070357
115456;9.3840007782;139184;164461;1077;923648;4665530777600;59153223
115584;9.0380001068;116093;115569;1143;924672;4675881369600;56993685
115712;9.1110000610;124990;132990;767;925696;4686243430400;58167415
115840;9.0430002213;119222;128676;847;926720;4696616960000;57378703
115968;9.4440002441;135956;165405;874;927744;4707001958400;59463565
116096;9.0030002594;108468;105843;850;928768;4717398425600;56034215
116224;9.1080007553;114739;119500;866;929792;4727806361600;57301142
116352;9.3870000839;136358;170944;782;930816;4738225766400;59063794
116480;9.3130006790;126480;126162;784;931840;4748656640000;58949922
116608;9.0470008850;117726;114329;870;932864;4759098982400;57523389
116736;9.3630008698;131663;140827;922;933888;4769552793600;59367299
116864;9.1280002594;120534;132450;768;934912;4780018073600;58334826
116992;9.0420007706;112268;119696;894;935936;4790494822400;57127798
117120;9.1560001373;118602;122652;868;936960;4800983040000;57426488
117248;9.6040000916;141754;173213;741;937984;4811482726400;60965025
117376;8.9930000305;116075;118167;691;939008;4821993881600;57525192
117504;9.0130004883;115671;124001;797;940032;4832516505600;57677292
117632;8.9630002975;115137;113555;876;941056;4843050598400;57154026
117760;9.1480007172;121755;117685;859;942080;4853596160000;58544573
117888;9.1600008011;121878;136640;891;943104;4864153190400;58578111
118016;9.0890007019;116345;127067;952;944128;4874721689600;57871941
118144;9.4890003204;131800;144424;1090;945152;4885301657600;60107638
118272;15.0780010223;139901;163861;30254;946176;4895893094400;60817781
118400;10.9840002060;141439;150951;858;947200;4906496000000;61206451
118528;10.1520004272;136528;155380;723;948224;4917110374400;60543295
118656;10.0520000458;140394;165895;841;949248;4927736217600;61351864
118784;9.7880001068;145236;161742;844;950272;4938373529600;61515026
118912;9.5040006638;132074;143567;1027;951296;4949022310400;59930067
119040;9.5370006561;134167;153641;979;952320;4959682560000;60689273
119168;9.1140003204;113727;121400;774;953344;4970354278400;58214123
119296;9.3120002747;122844;127958;751;954368;4981037465600;58758834
119424;9.2829589844;117898;119567;952;955392;4991732121600;58498670
119552;9.2470006943;112551;113642;633;956416;5002438246400;57909525
119680;9.5880002975;136075;136873;805;957440;5013155840000;60679029
119808;9.5180006027;129699;143471;638;958464;5023884902400;60294418
119936;9.5620002747;129386;156270;621;959488;5034625433600;60144243
120064;9.6740007401;133355;146603;799;960512;5045377433600;60864674
120192;9.4790000916;120831;116025;852;961536;5056140902400;59530812
120320;9.5820007324;134589;134341;800;962560;5066915840000;60698851
120448;9.4650001526;123083;130685;660;963584;5077702246400;59579002
120576;9.3030004501;113704;113860;812;964608;5088500121600;58497882
120704;9.6440000534;130787;139090;776;965632;5099309465600;60417443
120832;9.8560009003;143598;176107;795;966656;5110130278400;62588023
120960;9.5270004272;123749;128218;867;967680;5120962560000;60586671
121088;9.7500000000;140424;160689;780;968704;5131806310400;61933391
121216;9.7200002670;135649;153554;745;969728;5142661529600;61276947
121344;9.5700006485;126803;135561;675;970752;5153528217600;60336669
121472;9.6909999847;136727;149239;672;971776;5164406374400;61547533
121600;9.2970008850;114787;123430;685;972800;5175296000000;59439382
121728;9.5730009079;126708;133798;596;973824;5186197094400;60680383
121856;9.4560003281;124716;121090;696;974848;5197109657600;60555033
121984;9.5360002518;124238;143575;637;975872;5208033689600;60489410
122112;9.5180006027;119095;128212;736;976896;5218969190400;59851677
122240;9.6090002060;131412;141514;731;977920;5229916160000;61399930
122368;9.1920003891;110075;110699;772;978944;5240874598400;58743523
122496;10.2930002213;175317;230874;660;979968;5251844505600;66262716
122624;9.3470001221;115839;117964;830;980992;5262825881600;59752552
122752;9.5210008621;128860;134096;725;982016;5273818726400;60878400
122880;9.7030000687;136345;145105;812;983040;5284823040000;62066419
123008;9.5230007172;122213;129420;913;984064;5295838822400;60725465
123136;9.9490003586;137789;142724;819;985088;5306866073600;62404709
123264;9.6330003738;127628;133045;728;986112;5317904793600;60933669
123392;15.9690008163;120899;131644;25538;987136;5328954982400;60505048
123520;11.2050008774;124520;140963;2392;988160;5340016640000;60733626
123648;10.2980003357;121029;130098;1293;989184;5351089766400;60731875
123776;10.2200002670;126793;134289;815;990208;5362174361600;61685236
123904;9.9720001221;122151;133349;1060;991232;5373270425600;60859454
124032;10.2300004959;137589;170311;846;992256;5384377958400;63082299
124160;9.6760005951;124154;134785;917;993280;5395496960000;60763472
124288;9.9610004425;134688;142518;800;994304;5406627430400;62960949
124416;9.7100000381;128906;133669;790;995328;5417769369600;61554672
124544;9.7310009003;129104;133526;772;996352;5428922777600;62063290
124672;9.9050006866;139585;161789;1064;997376;5440087654400;63569704
124800;10.2700004578;151413;184722;935;998400;5451264000000;64809004
124928;10.2580003738;153453;182649;720;999424;5462451814400;65006110
125056;9.7870006561;135808;139864;546;1000448;5473651097600;62630071
125184;9.7540006638;128228;132545;735;1001472;5484861849600;61981378
125312;9.8410005569;135320;134670;659;1002496;5496084070400;62890244
125440;9.8690004349;137053;138121;809;1003520;5507317760000;62934751
125568;9.5890007019;117348;117818;688;1004544;5518562918400;61014150
125696;9.8610000610;136596;144018;957;1005568;5529819545600;63122154
125824;9.9190006256;124785;119293;863;1006592;5541087641600;61584426
125952;9.9400005341;131894;140472;936;1007616;5552367206400;62824349
126080;9.7790002823;127350;125114;843;1008640;5563658240000;62265462
126208;9.7790002823;128846;138997;922;1009664;5574960742400;62495758
126336;9.9090003967;136633;153436;793;1010688;5586274713600;63653318
126464;10.0980005264;146258;162885;862;1011712;5597600153600;64874389
126592;13.5910005569;135285;170829;26407;1012736;5608937062400;63420036
126720;12.6510009766;132429;152630;1240;1013760;5620285440000;62692814
126848;10.4240007401;142827;139553;1342;1014784;5631645286400;64294962
126976;10.1640005112;126480;123748;1306;1015808;5643016601600;62324177
127104;10.0040006638;130232;131801;1138;1016832;5654399385600;63228022
127232;13.4360008240;126202;139251;26595;1017856;5665793638400;62726891
127360;11.1450004578;149731;195694;845;1018880;5677199360000;65586024
127488;10.8660001755;152313;187007;1049;1019904;5688616550400;65342185
127616;13.4700002670;130280;143197;26371;1020928;5700045209600;63081792
127744;28.2750015259;142408;166368;26676;1021952;5711485337600;64601902
127872;11.1000003815;142544;179611;1133;1022976;5722936934400;64630291
128000;17.4500007629;132603;151439;25925;1024000;5734400000000;63585482
