array_size;time_spent(s);PAPI_L1_TCM;PAPI_L2_TCM;PAPI_L3_TCM;DATA_BYTES;NUM_INSTRUCTIONS;PAPI_TOT_INS
2048;0.2030000091;1088;1527;565;16384;2380342;1265756
2176;0.2220000178;1207;1653;47;17408;2549223;1379428
2304;0.1960000098;1283;1761;52;18432;2719253;1495187
2432;0.1630000025;1575;1942;25;19456;2890366;1610963
2560;0.1720000058;1747;1980;39;20480;3062508;1728897
2688;0.1880000085;1792;2064;70;21504;3235625;1844691
2816;0.1950000077;1978;2011;39;22528;3409672;1962626
2944;0.2210000157;2113;2041;776;23552;3584606;2080578
3072;0.2510000169;2322;2130;75;24576;3760388;2200688
3200;0.2610000074;2436;2455;81;25600;3936984;2255956
3328;0.2700000107;2539;2337;89;26624;4114360;2313347
3456;0.2800000012;2718;2414;62;27648;4292488;2370755
3584;0.2410000116;2892;2665;36;28672;4471338;2430333
3712;0.2500000000;2780;2514;72;29696;4650885;2487747
3840;0.2580000162;3168;2605;12;30720;4831104;2547314
3968;0.2650000155;3208;2795;42;31744;5011975;2606898
4096;0.2790000141;3403;2818;1008;32768;5193475;2668640
4224;0.2910000086;3589;2881;36;33792;5375585;2785530
4352;0.3540000021;4136;4426;72;34816;5558286;2904490
4480;0.3070000112;4077;3049;63;35840;5741561;3023465
4608;0.3120000064;4364;3105;28;36864;5925394;3144599
4736;0.3250000179;4265;2990;79;37888;6109769;3263593
4864;0.3390000165;4763;3184;60;38912;6294671;3384728
4992;0.3500000238;5281;3420;143;39936;6480087;3505880
5120;0.3580000103;5348;3539;65;40960;6666003;3629190
5248;0.3740000129;5554;3620;53;41984;6852407;3748202
5376;0.3860000074;5687;3652;39;43008;7039287;3869337
5504;0.4010000229;5735;3638;105;44032;7226631;3990489
5632;0.4060000181;5961;3648;37;45056;7414429;4124548
5760;0.4220000207;5968;3746;69;46080;7602671;4246102
5888;0.4330000281;6382;3823;48;47104;7791347;4369797
6016;0.4480000138;6435;4937;66;48128;7980446;4493509
6144;0.4520000219;6798;4171;114;49152;8169961;4619379
6272;0.4650000334;6794;4100;33;50176;8359883;4677865
6400;0.4980000257;7309;5412;56;51200;8550202;4738457
6528;0.4820000231;7190;4135;64;52224;8740912;4799064
6656;0.4860000312;7281;4213;40;53248;8932005;4861830
6784;0.5049999952;7598;5672;50;54272;9123472;4922456
6912;0.4860000312;7634;4495;81;55296;9315308;4985223
7040;0.5100000501;8063;4480;55;56320;9507505;5048007
7168;0.4880000353;8157;4469;63;57344;9700057;5112949
7296;0.5190000534;8402;4836;121;58368;9892958;5173594
7424;0.5240000486;8436;4770;77;59392;10086201;5236360
7552;0.5310000181;8669;4782;169;60416;10279780;5299144
7680;0.5340000391;9059;6766;25;61440;10473690;5364087
7808;0.5420000553;8767;5538;73;62464;10667925;5426888
7936;0.5509999990;9309;6573;56;63488;10862480;5491831
8064;0.5980000496;9655;8019;55;64512;11057350;5556792
8192;0.5570000410;9937;5734;66;65536;11252530;5623909
8320;0.5780000091;9807;5563;70;66560;11448014;5744401
8448;0.5950000286;10237;6305;113;67584;11643799;5866945
8576;0.6010000110;10467;6790;60;68608;11839879;5989504
8704;0.6140000224;10553;7245;92;69632;12036250;6114222
8832;0.6270000339;11035;6323;116;70656;12232909;6236800
8960;0.6160000563;10970;6193;63;71680;12429850;6361519
9088;0.6260000467;11505;9589;94;72704;12627070;6486255
9216;0.6280000210;11791;6922;38;73728;12824565;6613149
9344;0.6480000019;12067;8377;94;74752;13022331;6735745
9472;0.6670000553;12345;8849;98;75776;13220364;6860465
9600;0.6730000377;12508;7051;64;76800;13418661;6985200
9728;0.7080000043;12705;7550;144;77824;13617218;7270055
9856;0.7470000386;13440;7909;106;78848;13816031;7398394
9984;0.7230000496;13264;8676;129;79872;14015098;7528872
10112;0.7370000482;13744;8603;71;80896;14214416;7659368
10240;0.7470000386;13916;9010;73;81920;14413980;7792022
10368;0.7650000453;14081;9379;89;82944;14613788;7918220
10496;0.8530000448;14311;10231;131;83968;14813837;8046524
10624;0.7900000215;14664;9320;69;84992;15014124;8174843
10752;0.8030000329;14424;7729;130;86016;15214646;8305321
10880;0.8130000234;15011;8026;104;87040;15415401;8433659
11008;0.8640000224;14991;9456;71;88064;15616385;8564138
11136;0.8630000353;15460;9120;200;89088;15817596;8694634
11264;0.8670000434;15467;10415;138;90112;16019031;8827288
11392;0.8790000677;15697;9977;92;91136;16220688;8955644
11520;0.8740000129;15983;11872;73;92160;16422564;9086123
11648;0.8840000629;16204;8952;78;93184;16624657;9216619
11776;0.9000000358;16281;10981;116;94208;16826964;9349273
11904;0.9140000343;16704;11897;104;95232;17029484;9479788
12032;0.9140000343;16727;10611;134;96256;17232213;9612442
12160;0.9490000606;17143;11969;98;97280;17435150;9745115
12288;0.9330000281;17513;12875;121;98304;17638292;9879944
12416;0.9480000734;17350;10982;136;99328;17841637;9941648
12544;0.9620000720;17567;11543;132;100352;18045184;10005439
12672;0.9710000753;18061;12469;73;101376;18248930;10069247
12800;0.9750000238;17979;10743;160;102400;18452872;10135213
12928;0.9890000224;18165;13476;88;103424;18657010;10199039
13056;0.9950000644;18386;11398;280;104448;18861342;10265006
13184;1.0010000467;18880;14161;94;105472;19065864;10330991
13312;1.0080000162;18824;12841;124;106496;19270576;10399132
13440;1.0210000277;19202;14271;115;107520;19475475;10462977
13568;1.0190000534;19724;11464;105;108544;19680561;10528943
13696;1.0340000391;19864;15359;123;109568;19885830;10594928
13824;1.0360000134;19640;15534;177;110592;20091282;10663069
13952;1.0610001087;19893;12800;171;111616;20296914;10729071
14080;1.0520000458;20148;15243;110;112640;20502726;10797214
14208;1.0400000811;20630;15501;92;113664;20708715;10865374
14336;1.0620000362;21306;15904;127;114688;20914879;10935693
14464;1.0540000200;20952;14237;64;115712;21121218;10999554
14592;1.0730000734;21355;14287;98;116736;21327729;11065522
14720;1.0730000734;21744;14722;152;117760;21534412;11131505
14848;1.0830000639;21842;15670;152;118784;21741264;11199648
14976;1.0820000172;21617;16691;124;119808;21948285;11265649
15104;1.0900000334;22088;15546;234;120832;22155472;11333792
15232;1.2630000114;22889;14889;3396;121856;22362825;11401952
15360;1.2630000114;22418;16090;164;122880;22570342;11472270
15488;1.2710000277;22434;16134;140;123904;22778021;11538290
15616;1.1660000086;23506;18322;142;124928;22985861;11606434
15744;1.1600000858;23841;18535;144;125952;23193862;11674593
15872;1.1820000410;23226;17284;150;126976;23402021;11744911
16000;1.1830000877;23476;13389;157;128000;23610337;11813089
16128;1.1880000830;24140;18466;198;129024;23818810;11883408
16256;1.1900000572;23967;18497;201;130048;24027437;11953744
16384;1.1480000019;24666;21669;92;131072;24236218;12025945
16512;1.1790000200;24637;19372;163;132096;24445152;12153239
16640;1.1880000830;24789;17979;287;133120;24654236;12282565
16768;1.2040001154;24909;18834;192;134144;24863471;12411910
16896;1.1960000992;25250;20157;387;135168;25072855;12299918
17024;1.2130000591;25762;20296;297;136192;25282387;12425696
17152;1.2240000963;26614;20097;231;137216;25492065;12553615
17280;1.2740000486;26467;19831;281;138240;25701889;12681550
17408;1.2850000858;26320;17782;416;139264;25911857;12811645
17536;1.2960000038;26988;19903;345;140288;26121969;12937441
17664;1.2760000229;27281;21322;316;141312;26332223;13065360
17792;1.2770000696;27426;19293;233;142336;26542619;13193295
17920;1.2880001068;27835;23595;174;143360;26753155;13323390
18048;1.3520001173;28294;24777;239;144384;26963831;13451344
18176;1.3070000410;28589;22576;231;145408;27174645;13581438
18304;1.3270000219;28851;21179;243;146432;27385596;13711550
18432;1.3320000172;29195;20907;281;147456;27596684;13843822
18560;1.3870000839;29505;28468;261;148480;27807907;13969636
18688;1.3570001125;29521;21756;258;149504;28019265;14097553
18816;1.3700001240;29693;23068;259;150528;28230756;14225489
18944;1.4560000896;30007;28699;304;151552;28442380;14355585
19072;1.3990000486;30739;27166;443;152576;28654136;14483539
19200;1.4050000906;30878;23381;227;153600;28866023;14613632
19328;1.4590001106;31375;23884;205;154624;29078040;14743744
19456;1.4850000143;31440;22196;4119;155648;29290186;14876015
19584;1.5000001192;31527;23068;445;156672;29502461;15003987
19712;1.5180001259;31920;26872;258;157696;29714863;15134082
19840;1.5150001049;31891;29409;211;158720;29927392;15264194
19968;1.5610001087;32364;29230;381;159744;30140047;15396465
20096;1.5330001116;32320;29046;238;160768;30352827;15526594
20224;1.5440000296;32577;27250;266;161792;30565731;15658864
20352;1.5450000763;32855;28024;227;162816;30778758;15791152
20480;1.5580000877;33580;28015;329;163840;30991909;15925599
20608;1.5470000505;33775;29403;183;164864;31205181;16051432
20736;1.5520000458;33765;27916;306;165888;31418574;16179350
20864;1.5610001087;34375;29094;335;166912;31632088;16307285
20992;1.5390000343;34104;28775;385;167936;31845722;16437380
21120;1.5890001059;34645;28647;486;168960;32059474;16565334
21248;1.6120001078;34827;31938;251;169984;32273345;16695429
21376;1.6360000372;35507;33448;280;171008;32487334;16825541
21504;1.6380001307;35312;33010;270;172032;32701439;16957811
21632;1.6360000372;35603;30918;262;173056;32915660;17085783
21760;1.6210000515;35719;34757;286;174080;33129997;17215877
21888;1.6580001116;36197;33943;232;175104;33344449;17345990
22016;1.6260000467;36444;31706;144;176128;33559014;17478261
22144;1.6330001354;36485;30149;248;177152;33773694;17608390
22272;1.6420000792;36568;32721;280;178176;33988485;17740660
22400;1.6440000534;36847;31086;247;179200;34203390;17872948
22528;1.6720000505;37475;32277;258;180224;34418405;18007396
22656;1.6740000248;37507;36331;307;181248;34633532;18135386
22784;1.6940001249;37669;33028;209;182272;34848768;18265479
22912;1.7130000591;38144;39520;253;183296;35064114;18395591
23040;1.7200000286;38207;37040;258;184320;35279570;18527862
23168;1.7480000257;38622;37645;280;185344;35495133;18657992
23296;1.7420001030;38772;39473;235;186368;35710805;18790263
23424;1.7590000629;38747;35479;334;187392;35926584;18922550
23552;1.7600001097;39137;36510;318;188416;36142469;19056997
23680;1.7720000744;39314;36257;308;189440;36358460;19187145
23808;1.7900000811;39659;38375;251;190464;36574557;19319416
23936;1.8400000334;40151;41045;401;191488;36790759;19451704
24064;1.8040001392;40152;40412;322;192512;37007065;19586151
24192;1.8130000830;40253;38666;318;193536;37223475;19718456
24320;1.8260000944;40251;39982;231;194560;37439988;19852902
24448;1.8290001154;40481;37402;290;195584;37656604;19987366
24576;1.8390001059;42045;41036;271;196608;37873322;20123989
24704;1.8530000448;42490;36188;293;197632;38090141;20188912
24832;1.9320000410;41951;41767;211;198656;38307062;20255902
24960;1.8950001001;42154;43707;253;199680;38524083;20322910
25088;1.9000000954;42047;39951;661;200704;38741205;20392076
25216;1.9010001421;42332;39116;249;201728;38958426;20459102
25344;1.9080001116;42724;42109;323;202752;39175746;20528268
25472;1.9110001326;43126;42187;302;203776;39393164;20597452
25600;1.9210001230;43208;43683;433;204800;39610681;20668795
25728;1.9470001459;43380;43442;368;205824;39828295;20735839
25856;1.9380000830;43814;42903;469;206848;40046006;20805005
25984;1.9880000353;44387;43325;349;207872;40263814;20874190
26112;1.9620001316;44636;42368;361;208896;40481717;20945533
26240;2.0020000935;44815;47998;290;209920;40699717;21014735
26368;1.9740000963;44898;46531;302;210944;40917812;21086077
26496;2.0180001259;45645;47414;328;211968;41136001;21157437
26624;1.9340001345;45602;48536;358;212992;41354285;21230956
26752;2.1349999905;45559;46169;5885;214016;41572662;21298018
26880;2.6590001583;45788;44614;483;215040;41791133;21367183
27008;2.6680002213;45997;44365;474;216064;42009697;21436367
27136;2.0800001621;46241;45462;501;217088;42228353;21507710
27264;2.0830001831;47500;49678;571;218112;42447101;21576913
27392;2.1640000343;47251;43380;5779;219136;42665941;21648254
27520;2.1780002117;47496;49161;442;220160;42884872;21719615
27648;2.1780002117;47292;48006;365;221184;43103894;21793134
27776;2.1050000191;47657;47785;312;222208;43323006;21862354
27904;2.0530002117;47653;51521;403;223232;43542208;21933696
28032;2.0350000858;47999;50353;390;224256;43761500;22005056
28160;1.9950001240;48410;51247;317;225280;43980881;22078575
28288;1.9340001345;48694;48510;507;226304;44200350;22149953
28416;1.9710000753;49054;48510;418;227328;44419908;22223471
28544;1.9970000982;49448;51840;537;228352;44639553;22297007
28672;2.0730001926;49909;52566;602;229376;44859286;22372702
28800;2.0190000534;50747;51269;579;230400;45079106;22439782
28928;2.0420000553;50144;56281;566;231424;45299013;22508948
29056;2.0320000648;50342;53758;492;232448;45519006;22578132
29184;2.0340001583;50489;51107;469;233472;45739086;22649474
29312;2.0370001793;50879;50338;336;234496;45959250;22718676
29440;2.0440001488;51197;51642;367;235520;46179500;22790018
29568;2.0680000782;51735;51337;394;236544;46399835;22861378
29696;2.0000000000;51669;52442;411;237568;46620254;22934897
29824;2.0080001354;52270;51506;437;238592;46840758;23004117
29952;2.0170001984;52648;54343;382;239616;47061345;23075460
30080;2.0950000286;52950;53942;494;240640;47282015;23146820
30208;2.0930001736;53104;57673;753;241664;47502769;23220339
30336;2.1340000629;53816;58634;661;242688;47723605;23291717
30464;2.0940001011;53983;60464;552;243712;47944523;23365235
30592;2.1420001984;54806;62202;507;244736;48165524;23438771
30720;2.1090002060;54864;59353;384;245760;48386606;23514466
30848;2.1119999886;54687;56648;465;246784;48607769;23583704
30976;2.1650002003;55180;59825;323;247808;48829014;23655046
31104;2.1380000114;55899;60525;635;248832;49050339;23726406
31232;2.1470000744;56039;59648;505;249856;49271744;23799925
31360;2.1550002098;56014;62720;303;250880;49493229;23871303
31488;2.2369999886;56134;62835;411;251904;49714794;23944821
31616;2.2850000858;55531;61292;345;252928;49936439;24018357
31744;2.2520000935;55879;61223;378;253952;50158162;24094052
31872;2.2450001240;56133;61446;347;254976;50379964;24165447
32000;2.2500000000;55983;59819;333;256000;50601844;24238965
32128;2.2599999905;56809;64098;210;257024;50823802;24312501
32256;2.2650001049;57328;60233;597;258048;51045838;24388196
32384;2.2010002136;55995;62035;405;259072;51267952;24461750
32512;2.2180001736;56275;66403;297;260096;51490143;24537444
32640;2.2700002193;56754;65953;224;261120;51712410;24613157
32768;2.2910001278;58307;65657;273;262144;51934754;24691028
32896;2.3080000877;58908;67294;273;263168;52157174;24817956
33024;2.3570001125;58432;68487;332;264192;52379670;24946898
33152;2.3400001526;58403;63724;304;265216;52602242;25075858
33280;2.3510000706;58568;64497;313;266240;52824889;25206976
33408;2.3640000820;58656;67087;425;267264;53047611;25335954
33536;2.3700001240;59621;62481;811;268288;53270408;25467072
33664;2.3920001984;60415;63688;219;269312;53493279;25598208
33792;2.3750000000;60532;62789;431;270336;53716225;25731504
33920;2.4270000458;60368;68649;535;271360;53939244;25860500
34048;2.4220001698;60597;64963;188;272384;54162337;25991617
34176;2.3710000515;61109;66425;309;273408;54385504;26122753
34304;2.4050002098;61789;65825;285;274432;54608743;26256048
34432;2.4740002155;61669;66282;303;275456;54832056;26387203
34560;2.5300002098;61906;70769;319;276480;55055440;26520496
34688;2.5020000935;62239;66796;413;277504;55278898;26653809
34816;2.4930000305;62916;66779;653;278528;55502427;26789279
34944;2.5010001659;63332;63465;381;279552;55726028;26918293
35072;2.5260000229;63316;75423;313;280576;55949700;27049412
35200;2.4980001450;63643;67517;457;281600;56173443;27180548
35328;2.5100002289;64416;71708;446;282624;56397258;27313842
35456;2.5880000591;64436;69247;445;283648;56621143;27444996
35584;2.5410001278;64461;71288;330;284672;56845099;27578291
35712;2.5830001831;65024;71366;274;285696;57069125;27711603
35840;2.6260001659;65141;69712;380;286720;57293220;27847074
35968;2.5950000286;65469;73609;385;287744;57517386;27978245
36096;2.6180000305;65794;73949;346;288768;57741621;28111540
36224;2.6170001030;66228;73072;424;289792;57965925;28244852
36352;2.5230000019;66696;75319;491;290816;58190298;28380323
36480;2.4850001335;67052;74880;418;291840;58414739;28513652
36608;2.5170001984;66990;74278;335;292864;58639249;28649122
36736;2.4940001965;67387;73397;404;293888;58863828;28784610
36864;2.5440001488;68202;81902;448;294912;59088474;28922258
36992;2.5170001984;68045;77915;493;295936;59313188;29051290
37120;2.8720002174;68273;76627;8045;296960;59537970;29182407
37248;2.8860001564;68447;78338;350;297984;59762819;29313544
37376;2.8170001507;68922;78660;575;299008;59987735;29446839
37504;2.7940001488;69154;83218;480;300032;60212718;29577993
37632;2.7610001564;69205;82887;400;301056;60437767;29711286
37760;2.6590001583;70154;79401;410;302080;60662883;29844599
37888;2.6200001240;69861;78740;412;303104;60888065;29980070
38016;3.0030002594;70506;77940;8174;304128;61113313;30111242
38144;2.9880001545;70870;83981;545;305152;61338626;30244536
38272;2.9990000725;71756;80572;747;306176;61564005;30377848
38400;2.8340001106;71839;78565;452;307200;61789449;30513319
38528;2.7490000725;72022;83135;432;308224;62014959;30646649
38656;2.8020000458;72552;83604;484;309248;62240533;30782119
38784;2.7750000954;72543;80483;390;310272;62466172;30917606
38912;2.7920000553;73364;76228;638;311296;62691875;31055254
39040;2.8330001831;73391;86481;537;312320;62917642;31186444
39168;2.8050000668;73411;79071;448;313344;63143473;31319737
39296;2.8200001717;74096;85121;421;314368;63369368;31453050
39424;2.8480000496;74415;87742;474;315392;63595327;31588521
39552;2.7560000420;74544;82245;360;316416;63821349;31721850
39680;2.8710000515;74606;89894;530;317440;64047434;31857321
39808;2.8660001755;75022;89148;430;318464;64273582;31992809
39936;2.8110001087;75003;84060;390;319488;64499793;32130455
40064;2.7880001068;75596;84289;588;320512;64726066;32263804
40192;3.1830000877;75492;83530;8615;321536;64952402;32399274
40320;3.1740002632;76628;88064;655;322560;65178800;32534761
40448;3.2030000687;76749;88552;663;323584;65405259;32672409
40576;3.1140000820;77103;90425;482;324608;65631781;32807915
40704;3.0420000553;76341;88989;468;325632;65858364;32945561
40832;3.0040001869;77541;91971;772;326656;66085008;33083225
40960;2.9460000992;78437;90313;732;327680;66311714;33223048
41088;2.9520001411;78194;89183;525;328704;66538481;33352097
41216;2.9740002155;78861;93261;175;329728;66765308;33483216
41344;3.0430002213;78794;89704;534;330752;66992196;33614352
41472;3.0020000935;79068;93436;509;331776;67219144;33747647
41600;3.0560002327;79303;91728;214;332800;67446153;33878801
41728;3.0200002193;79656;88759;503;333824;67673221;34012094
41856;2.9950001240;79776;91904;468;334848;67900350;34145407
41984;2.9160001278;79699;89588;458;335872;68127538;34280877
42112;3.0350000858;80487;93444;625;336896;68354785;34412050
42240;3.0990002155;80645;92438;387;337920;68582092;34545344
42368;3.1140000820;80685;95492;582;338944;68809458;34678656
42496;3.1330001354;81129;93018;656;339968;69036883;34814127
42624;3.1470000744;81472;93731;460;340992;69264367;34947457
42752;3.1360001564;81955;96057;463;342016;69491909;35082927
42880;3.1220002174;82185;96234;501;343040;69719510;35218414
43008;3.0690002441;82132;95031;425;344064;69947169;35356062
43136;3.0310001373;82650;93760;420;345088;70174886;35487251
43264;3.5230002403;82525;90713;9385;346112;70402661;35620546
43392;3.5190000534;82983;95568;1033;347136;70630494;35753858
43520;3.4350001812;83487;96946;607;348160;70858384;35889329
43648;3.4790000916;84299;101835;473;349184;71086332;36022659
43776;3.2420001030;83901;100616;552;350208;71314337;36158129
43904;3.2530002594;84471;97405;447;351232;71542399;36293616
44032;3.2730002403;84084;96703;438;352256;71770518;36431264
44160;3.2590000629;84389;93823;661;353280;71998693;36564611
44288;3.2760002613;85348;98003;664;354304;72226925;36700082
44416;3.2820000648;85299;95726;469;355328;72455214;36835570
44544;3.2960002422;85851;101136;525;356352;72683559;36973217
44672;3.3300001621;86075;104864;577;357376;72911959;37108722
44800;3.3000001907;85829;102781;549;358400;73140416;37246369
44928;3.3960001469;85753;101222;429;359424;73368928;37384033
45056;3.4080002308;86436;102180;520;360448;73597497;37523855
45184;3.3700001240;86449;104245;508;361472;73826120;37655064
45312;3.4090001583;86827;104515;617;362496;74054799;37788358
45440;3.3670001030;87152;104148;566;363520;74283533;37921669
45568;3.4270000458;87677;102571;533;364544;74512321;38057141
45696;3.4680001736;87462;106056;503;365568;74741165;38190471
45824;3.5270001888;88218;102226;624;366592;74970063;38325941
45952;3.5490002632;87946;105532;553;367616;75199016;38461429
46080;3.5270001888;88603;105123;539;368640;75428023;38599076
46208;3.5680000782;88797;100480;515;369664;75657085;38732424
46336;3.6730000973;89824;99699;915;370688;75886200;38867894
46464;3.6110000610;89379;106098;719;371712;76115369;39003382
46592;3.7480001450;90081;104411;898;372736;76344592;39141029
46720;3.7280001640;89836;107103;737;373760;76573869;39276535
46848;3.7440001965;90642;110034;695;374784;76803199;39414181
46976;3.6100001335;90148;108246;524;375808;77032583;39551844
47104;3.7210001945;91379;100880;916;376832;77262019;39691668
47232;3.6990001202;91113;109217;907;377856;77491509;39825034
47360;3.6880002022;91423;109804;694;378880;77721051;39960504
47488;3.8060002327;92375;106265;755;379904;77950646;40095992
47616;3.8140001297;92446;101605;730;380928;78180294;40233639
47744;3.7120001316;93136;109163;535;381952;78409995;40369145
47872;3.8500001431;92798;107554;589;382976;78639747;40506791
48000;3.9720001221;92677;112670;577;384000;78869552;40644455
48128;3.6870002747;93934;114273;612;385024;79099409;40784278
48256;3.6530001163;93693;109802;628;386048;79329317;40919802
48384;3.6740002632;93454;119193;602;387072;79559278;41057448
48512;3.6330001354;93330;112726;418;388096;79789290;41195112
48640;3.5880000591;93996;113000;481;389120;80019353;41334935
48768;3.6050002575;93923;118361;566;390144;80249468;41472617
48896;3.6270000935;94049;120608;674;391168;80479634;41612439
49024;3.5700001717;94807;111562;687;392192;80709851;41752279
49152;3.4910001755;96052;116818;647;393216;80940120;41894278
49280;3.6350002289;96139;115901;690;394240;81170439;41962418
49408;3.6580002308;96876;115578;626;395264;81400808;42032608
49536;3.6090002060;96208;117509;588;396288;81631228;42102816
49664;3.5950002670;96664;118270;727;397312;81861699;42175183
49792;3.6050002575;97310;117028;498;398336;82092220;42245409
49920;3.5880000591;97332;120225;556;399360;82322791;42317775
50048;3.5820002556;96916;115980;565;400384;82553412;42390159
50176;3.6170001030;97166;120297;551;401408;82784083;42464702
50304;3.8780002594;99889;127913;3663;402432;83014804;42534946
50432;3.8630001545;97714;122201;949;403456;83245574;42607312
50560;3.8390002251;97924;122006;816;404480;83476394;42679696
50688;3.8360002041;98163;122374;806;405504;83707263;42754239
50816;3.8570001125;99150;121541;633;406528;83938182;42826641
50944;3.8630001545;98735;124793;652;407552;84169149;42901183
51072;3.8540000916;98805;122352;566;408576;84400166;42975742
51200;3.8640000820;99556;126359;512;409600;84631232;43052462
51328;3.8270001411;99530;123342;663;410624;84862346;43122724
51456;3.7430002689;99977;120782;729;411648;85093509;43195089
51584;3.6990001202;100271;125805;574;412672;85324721;43267474
51712;3.7040002346;101163;120595;793;413696;85555981;43342017
51840;3.7250001431;101680;120715;823;414720;85787289;43414419
51968;3.7460002899;101394;124709;753;415744;86018646;43488961
52096;3.7180001736;102400;127386;775;416768;86250050;43563521
52224;3.7560002804;102084;128274;659;417792;86481503;43640240
52352;3.7200002670;102603;132716;602;418816;86713003;43712660
52480;3.7450001240;102923;126525;737;419840;86944551;43787202
52608;3.8050000668;102963;126299;585;420864;87176147;43861762
52736;3.9680001736;103641;127522;1007;421888;87407790;43938481
52864;3.9760000706;103991;129915;803;422912;87639481;44013059
52992;3.8990001678;104532;126431;824;423936;87871218;44089777
53120;3.8430001736;104796;132853;684;424960;88103003;44166513
53248;3.7890002728;105060;132156;735;425984;88334835;44245408
53376;3.7470002174;104678;128890;609;427008;88566714;44315687
53504;3.7530002594;105622;130776;703;428032;88798639;44388054
53632;3.8040001392;104427;128201;591;429056;89030612;44460438
53760;4.5180001259;105903;125541;11298;430080;89262630;44534981
53888;4.9300003052;106963;132220;852;431104;89494696;44607384
54016;4.2270002365;105751;137458;835;432128;89726807;44681925
54144;4.1220002174;105978;137041;714;433152;89958965;44756485
54272;3.9970002174;106840;138796;666;434176;90191169;44833204
54400;4.4690003395;107683;134883;11749;435200;90423419;44905624
54528;4.9610004425;108379;127572;826;436224;90655715;44980166
54656;4.9630002975;107381;135523;1093;437248;90888057;45054726
54784;4.3230004311;107575;143060;730;438272;91120444;45131445
54912;3.9960002899;107779;138085;743;439296;91352877;45206023
55040;3.9740002155;108322;140395;743;440320;91585356;45282740
55168;3.9650001526;108866;141037;614;441344;91817879;45359477
55296;3.9380002022;109455;141444;632;442368;92050449;45438372
55424;3.9190001488;109515;138658;688;443392;92283063;45510810
55552;3.9990000725;110770;133791;828;444416;92515722;45585352
55680;3.9690001011;110661;132572;755;445440;92748427;45659912
55808;3.9600002766;110673;135172;668;446464;92981176;45736631
55936;3.9860002995;110310;150801;847;447488;93213970;45811209
56064;3.9910001755;111210;140396;538;448512;93446808;45887927
56192;3.9580001831;111313;143686;567;449536;93679691;45964663
56320;3.9490001202;111420;145456;637;450560;93912619;46043558
56448;3.8790001869;111188;142057;803;451584;94145591;46118154
56576;3.9330000877;112519;142600;629;452608;94378607;46194872
56704;3.9520001411;112482;144310;473;453632;94611667;46271608
56832;3.9040002823;112822;148470;632;454656;94844772;46350503
56960;3.9710001945;112963;144174;467;455680;95077920;46427257
57088;3.9340002537;112645;148216;556;456704;95311112;46506151
57216;4.0320000648;113874;149820;537;457728;95544348;46585063
57344;4.0180001259;114089;152136;548;458752;95777627;46666134
57472;3.9310002327;115277;145408;651;459776;96010951;46736432
57600;3.9370002747;114946;147613;498;460800;96244317;46808798
57728;3.9670002460;114342;149790;575;461824;96477727;46881182
57856;3.9540002346;115509;149232;729;462848;96711180;46955725
57984;3.9560000896;115509;146423;687;463872;96944677;47028127
58112;3.9810001850;115507;146971;748;464896;97178216;47102669
58240;3.9790000916;116212;152385;681;465920;97411798;47177229
58368;3.9780001640;116139;147427;538;466944;97645424;47253948
58496;3.9800002575;116602;151405;722;467968;97879092;47326368
58624;3.9970002174;116805;161260;820;468992;98112802;47400909
58752;4.0180001259;116993;153899;586;470016;98346556;47475470
58880;4.2050004005;117444;150983;651;471040;98580352;47552189
59008;4.1200003624;117789;154440;829;472064;98814190;47626767
59136;4.0670003891;117834;151594;720;473088;99048071;47703485
59264;4.1770000458;118284;157365;741;474112;99281993;47780221
59392;4.0910000801;118080;153688;642;475136;99515958;47859116
59520;4.0690002441;119299;161045;608;476160;99749965;47931554
59648;4.0550003052;119085;152094;589;477184;99984014;48006096
59776;4.0920000076;119142;155443;629;478208;100218105;48080656
59904;4.0760002136;121245;156786;1419;479232;100452238;48157375
60032;4.0930004120;121428;161830;1018;480256;100686412;48231953
60160;4.1000003815;121361;157423;855;481280;100920628;48308671
60288;4.1010003090;121705;161743;783;482304;101154886;48385407
60416;4.0940003395;122291;162289;930;483328;101389185;48464302
60544;4.7840003967;121331;151937;12984;484352;101623525;48538898
60672;4.7860002518;122949;163089;842;485376;101857906;48615617
60800;4.6150002480;123810;158442;755;486400;102092329;48692352
60928;4.3070001602;123123;159511;778;487424;102326793;48771247
61056;4.2170000076;123685;155171;1197;488448;102561297;48848001
61184;4.2109999657;124029;160736;875;489472;102795843;48926895
61312;4.2060003281;124741;156831;916;490496;103030430;49005807
61440;4.2050004005;125612;165322;740;491520;103265057;49086884
61568;4.1380000114;125790;164236;889;492544;103499725;49159333
61696;4.1030001640;126019;165935;1052;493568;103734433;49233876
61824;4.2140002251;125445;158099;893;494592;103969182;49308436
61952;4.2550001144;126527;164855;1251;495616;104203971;49385155
62080;4.2880001068;127065;162586;791;496640;104438801;49459733
62208;4.3270001411;127608;165409;811;497664;104673670;49536452
62336;4.2420001030;128026;161252;714;498688;104908580;49613188
62464;4.2140002251;127883;167608;748;499712;105143530;49692083
62592;4.2180004120;129158;170237;855;500736;105378520;49766678
62720;4.2010002136;128586;164146;603;501760;105613550;49843396
62848;4.2320003510;129218;166558;779;502784;105848620;49920132
62976;4.2210001945;129917;171097;756;503808;106083730;49999027
63104;4.2170000076;129165;171758;928;504832;106318879;50075781
63232;4.2210001945;129131;171886;658;505856;106554067;50154675
63360;4.2630000114;129840;169547;881;506880;106789296;50233587
63488;4.3670001030;128169;160778;1036;507904;107024563;50314658
63616;4.4070000648;128259;163700;771;508928;107259870;50389272
63744;4.3900003433;130369;172976;1136;509952;107495217;50465990
63872;4.3619999886;130242;171832;1146;510976;107730602;50542726
64000;4.4010000229;130467;169696;1764;512000;107966026;50621621
64128;4.3680000305;130484;168326;1132;513024;108201490;50698374
64256;4.3910002708;130821;173920;911;514048;108436992;50777269
64384;4.3520002365;131167;168897;788;515072;108672534;50856181
64512;4.3540000916;130904;165728;1030;516096;108908114;50937252
64640;4.2290000916;130642;171225;898;517120;109143733;51014024
64768;5.0370001793;131255;161207;13461;518144;109379390;51092918
64896;5.0310001373;131423;163760;824;519168;109615086;51171830
65024;5.0440001488;130608;175606;1273;520192;109850821;51252901
65152;4.6230001450;131217;173638;968;521216;110086594;51331831
65280;4.3320002556;130372;171938;886;522240;110322405;51412900
65408;4.3530001640;132025;162101;1017;523264;110558255;51493989
65536;4.4720001221;133160;174537;1009;524288;110794142;51577236
65664;4.2800002098;135371;171405;1002;525312;111030068;51707383
65792;4.2740001678;134763;173314;840;526336;111266032;51839525
65920;4.3050003052;133784;177305;712;527360;111502034;51971684
66048;4.2930002213;133601;173983;790;528384;111738074;52106003
66176;4.4100003242;134621;166899;1130;529408;111974151;52238181
66304;4.4230003357;133781;181612;900;530432;112210266;52372499
66432;4.3900003433;133688;179642;854;531456;112446419;52506835
66560;4.3630003929;134793;179751;895;532480;112682610;52643330
66688;4.4920001030;136077;178970;950;533504;112918838;52775526
66816;4.4780001640;135082;181929;971;534528;113155103;52909844
66944;4.5140004158;135334;182119;793;535552;113391406;53044180
67072;4.4010000229;136077;185624;874;536576;113627747;53180675
67200;4.4070000648;136632;181763;768;537600;113864124;53315029
67328;4.4270000458;137948;185741;863;538624;114100539;53451524
67456;4.5150003433;136446;173575;1104;539648;114336990;53588035
67584;4.4570002556;137677;182015;1128;540672;114573479;53726706
67712;4.4869999886;137559;184192;818;541696;114810005;53858920
67840;4.4860000610;139618;184896;813;542720;115046567;53993238
67968;4.5160002708;137998;186429;814;543744;115283167;54127574
68096;4.5199999809;139018;191336;814;544768;115519803;54264069
68224;4.6190004349;139105;185893;855;545792;115756476;54398423
68352;4.6170001030;139759;189112;634;546816;115993185;54534918
68480;4.5370001793;140020;182596;742;547840;116229931;54671429
68608;4.5640001297;140770;192983;912;548864;116466713;54810100
68736;4.5460000038;140502;189604;663;549888;116703532;54944472
68864;4.5410003662;141498;188960;1016;550912;116940387;55080966
68992;4.5809326172;140922;186551;871;551936;117177279;55217484
69120;4.5480003357;141284;189056;841;552960;117414206;55356149
69248;4.5030002594;141909;190316;890;553984;117651170;55492680
69376;4.6380000114;142318;179986;715;555008;117888170;55631349
69504;4.6190004349;143071;190052;1030;556032;118125206;55770037
69632;4.6360001564;142326;190399;937;557056;118362277;55910884
69760;4.7270002365;142788;190130;855;558080;118599385;56043116
69888;4.7260003090;145201;191596;783;559104;118836529;56177435
70016;4.6850004196;143649;191373;873;560128;119073708;56311770
70144;4.5830001831;144444;195064;885;561152;119310923;56448265
70272;5.6210002899;145638;191145;14950;562176;119548173;56582619
70400;5.6000003815;144868;184744;1189;563200;119785459;56719113
70528;5.1940002441;146186;188843;1052;564224;120022780;56855625
70656;4.9760003090;145515;194524;1014;565248;120260137;56994296
70784;4.8530001640;147168;195951;1010;566272;120497529;57128668
70912;4.8340001106;146921;200507;926;567296;120734957;57265162
71040;4.8320002556;147747;196702;1152;568320;120972420;57401674
71168;4.8260002136;147728;199757;844;569344;121209918;57540346
71296;4.8490004539;147708;199810;917;570368;121447451;57676874
71424;4.8500003815;147797;197918;946;571392;121685019;57815545
71552;4.7690000534;148956;200092;852;572416;121922621;57954233
71680;4.7860002518;149349;200532;865;573440;122160259;58095081
71808;4.7870001793;149276;197624;875;574464;122397932;58229470
71936;4.7880001068;149679;198118;753;575488;122635640;58365964
72064;4.8950004578;150143;200238;889;576512;122873382;58502476
72192;4.8810000420;150587;200526;1029;577536;123111159;58641148
72320;4.9110002518;151011;202109;862;578560;123348970;58777677
72448;4.8970003128;150787;199354;839;579584;123586816;58916346
72576;4.9690003395;152829;200473;945;580608;123824697;59055035
72704;4.9920001030;151680;202270;929;581632;124062611;59195882
72832;5.0160002708;152751;205057;976;582656;124300561;59332431
72960;4.9850001335;152408;203027;797;583680;124538544;59471100
73088;4.9980001450;152750;203965;984;584704;124776562;59609788
73216;4.9180002213;152394;203008;1009;585728;125014614;59750635
73344;4.9810004234;153684;209656;972;586752;125252700;59889341
73472;4.9760003090;153387;207607;1013;587776;125490820;60030187
73600;5.0530004501;154011;203923;962;588800;125728974;60171051
73728;4.9990000725;154488;213349;858;589824;125967162;60314074
73856;5.0450000763;155054;211873;946;590848;126205384;60446325
73984;5.0410003662;154949;206037;815;591872;126443640;60580642
74112;5.1470003128;155510;209644;891;592896;126681929;60714978
74240;5.0990004539;155269;207392;839;593920;126920252;60851473
74368;5.1270003319;155340;211246;913;594944;127158609;60985828
74496;5.2600002289;157078;208196;1035;595968;127397000;61122321
74624;5.0740003586;156016;209623;1006;596992;127635424;61258834
74752;5.1170001030;156513;209741;966;598016;127873881;61397504
74880;5.1010003090;157129;210543;964;599040;128112372;61531876
75008;5.1480002403;157224;214104;936;600064;128350896;61668370
75136;5.1990003586;158973;212431;1347;601088;128589453;61804882
75264;5.3950004578;157690;214849;1182;602112;128828044;61943553
75392;5.2800002098;158174;221280;826;603136;129066668;62080084
75520;5.3350000381;159043;219338;761;604160;129305325;62218753
75648;5.2650003433;159197;210961;821;605184;129544015;62357442
75776;5.1880002022;159235;219880;837;606208;129782738;62498288
75904;5.1630001068;160400;220819;926;607232;130021494;62632679
76032;5.1600003242;160695;221530;794;608256;130260283;62769172
76160;5.0929565430;162398;213505;1104;609280;130499105;62905690
76288;5.1090002060;160582;218008;856;610304;130737960;63044355
76416;5.1480002403;161458;221658;958;611328;130976847;63180885
76544;5.1430001259;161664;222503;1004;612352;131215767;63319556
76672;5.1530003548;161952;218975;1068;613376;131454720;63458243
76800;5.1460003853;161953;221834;1076;614400;131693705;63599091
76928;5.1510000229;163001;221419;855;615424;131932723;63735638
77056;5.1970000267;163140;222530;889;616448;132171773;63874308
77184;5.2870001793;163249;208602;991;617472;132410855;64012996
77312;5.4550004005;163341;213621;1008;618496;132649970;64153843
77440;5.2640004158;163765;215145;1142;619520;132889118;64292549
77568;5.2780003548;164346;211182;906;620544;133128297;64433395
77696;8.8610000610;165406;224135;16735;621568;133367509;64574260
77824;7.9550004005;165923;214131;1364;622592;133606753;64717283
77952;5.9520001411;165181;220985;1144;623616;133846029;64851690
78080;5.7230000496;165128;216629;1041;624640;134085337;64988184
78208;5.6500000954;165812;219627;956;625664;134324677;65124697
78336;5.6150002480;165888;224458;951;626688;134564049;65263368
78464;5.4280004501;166618;217092;1067;627712;134803453;65399897
78592;5.4460000992;167453;217682;979;628736;135042888;65538568
78720;5.4470000267;167708;218578;1031;629760;135282356;65677255
78848;5.5420002937;167753;213206;857;630784;135521855;65818102
78976;5.5720000267;168111;215974;1009;631808;135761386;65954651
79104;5.5930004120;168296;219134;853;632832;136000948;66093320
79232;5.5620002747;168198;220522;991;633856;136240542;66232008
79360;5.6060004234;168708;222439;968;634880;136480168;66372856
79488;5.6010003090;169731;226012;995;635904;136719825;66511562
79616;5.5980000496;169507;225549;932;636928;136959513;66652407
79744;5.5900001526;169476;225238;1014;637952;137199233;66793271
79872;5.6400003433;170162;223691;997;638976;137438984;66936294
80000;5.6190004349;170065;218385;1920;640000;137678766;67072860
80128;5.6440000534;170631;221470;1515;641024;137918580;67211530
80256;5.6470003128;171591;222146;1098;642048;138158425;67350219
80384;5.6500000954;170977;221437;1163;643072;138398301;67491065
80512;5.6900000572;171830;222123;1269;644096;138638208;67629771
80640;5.6690001488;171953;219971;1023;645120;138878146;67770618
80768;5.7200002670;173224;225712;945;646144;139118115;67911482
80896;6.6380004883;172696;222914;17106;647168;139358114;68054504
81024;6.4580001831;173484;229689;1168;648192;139598145;68193229
81152;6.1430001259;173747;224434;1198;649216;139838207;68334075
81280;5.9920001030;173417;225370;1005;650240;140078299;68474939
81408;5.8470001221;175626;225412;986;651264;140318422;68617962
81536;5.7580003738;174483;228376;1074;652288;140558576;68758844
81664;5.7350001335;174601;224943;976;653312;140798760;68901865
81792;5.7850003242;175509;226678;1003;654336;141038975;69044905
81920;5.7850003242;175943;228912;765;655360;141279221;69190105
82048;5.6250004768;176230;229456;1096;656384;141519497;69322373
82176;5.6220002174;176230;227561;1020;657408;141759803;69456690
82304;5.6590003967;178470;226198;920;658432;142000140;69591027
82432;5.6669311523;175616;228716;1049;659456;142240507;69727527
82560;5.6770000458;177075;231223;1100;660480;142480905;69861875
82688;5.7560000420;177356;227546;1173;661504;142721333;69998370
82816;5.7100000381;177999;224981;1164;662528;142961790;70134881
82944;5.7410001755;177672;232062;1120;663552;143202279;70273552
83072;5.7410001755;178075;231078;1023;664576;143442797;70407925
83200;5.7370004654;178296;228288;945;665600;143683345;70544418
83328;5.8000001907;178577;231983;1001;666624;143923923;70680930
83456;5.7740001678;178852;235822;1245;667648;144164532;70819602
83584;5.7940001488;179434;232092;1078;668672;144405170;70956131
83712;5.8060002327;179417;234500;1039;669696;144645838;71094801
83840;5.8120002747;180237;236737;1048;670720;144886536;71233490
83968;5.8300004005;180035;235985;1079;671744;145127263;71374337
84096;5.8280000687;180407;237378;1122;672768;145368021;71508726
84224;5.8380002975;181499;238206;898;673792;145608808;71645220
84352;7.2830004692;181637;238490;17798;674816;145849625;71781733
84480;6.9820003510;181651;238854;1347;675840;146090471;71920403
84608;6.6850004196;182277;240613;1430;676864;146331347;72056934
84736;6.2040004730;182679;238787;1103;677888;146572253;72195604
84864;6.1110000610;182321;240494;1162;678912;146813188;72334292
84992;6.0010004044;182580;239415;1175;679936;147054152;72475139
85120;6.0420002937;182928;237565;1232;680960;147295146;72611686
85248;6.1170001030;183608;238150;1236;681984;147536169;72750356
85376;6.1500000954;183606;239494;845;683008;147777221;72889044
85504;6.1580004692;184505;240857;932;684032;148018303;73029892
85632;6.1800003052;184332;238662;1112;685056;148259414;73168598
85760;6.1960000992;185373;242711;895;686080;148500554;73309444
85888;6.2570004463;184970;244017;1005;687104;148741723;73450308
86016;6.2060003281;185636;243330;1047;688128;148982921;73593331
86144;6.2110004425;185800;243953;1128;689152;149224148;73727739
86272;6.2380003929;186085;245739;1131;690176;149465405;73864233
86400;6.2290000916;186482;247293;895;691200;149706690;74000745
86528;6.2470002174;187017;244131;1140;692224;149948004;74139416
86656;6.2630004883;187331;243653;1091;693248;150189347;74275946
86784;6.2870001793;187641;241772;1164;694272;150430719;74414615
86912;6.3080000877;188157;249785;1042;695296;150672119;74553304
87040;6.3010001183;187330;243435;1159;696320;150913549;74694151
87168;6.3290004730;188327;244355;1294;697344;151155007;74830699
87296;6.3130002022;188563;247249;1294;698368;151396493;74969369
87424;6.3310003281;188849;245960;1339;699392;151638009;75108057
87552;6.3370003700;189057;249619;1061;700416;151879552;75248904
87680;6.3460001945;189380;249636;1067;701440;152121125;75387610
87808;6.3430004120;191298;247595;1025;702464;152362726;75528456
87936;6.3760004044;190359;250552;1258;703488;152604355;75669320
88064;6.3790001869;189958;251788;1094;704512;152846013;75812343
88192;6.3800001144;190240;255068;1185;705536;153087699;75948909
88320;6.4040002823;190977;251964;1088;706560;153329413;76087579
88448;6.2960004807;191106;254566;1248;707584;153571156;76226267
88576;6.2290000916;191517;252054;1208;708608;153812927;76367114
88704;6.2300004959;191973;253071;1328;709632;154054726;76505820
88832;6.2240004539;193075;249746;1107;710656;154296553;76646666
88960;6.2470002174;192636;253219;1198;711680;154538408;76787529
89088;6.2770004272;192071;253879;1203;712704;154780292;76930552
89216;6.2480001450;192816;247762;1280;713728;155022203;77069276
89344;7.2940001488;194024;258650;18901;714752;155264143;77210123
89472;6.8730001450;194631;257611;1176;715776;155506110;77350987
89600;6.5590004921;194106;253225;1367;716800;155748105;77494009
89728;6.5670003891;193846;259324;1324;717824;155990129;77634891
89856;6.4110002518;194371;255986;1241;718848;156232180;77777914
89984;6.4420003891;194707;252947;1613;719872;156474259;77920954
90112;6.3810005188;196275;259003;1357;720896;156716365;78066153
90240;6.4600005150;195450;258232;1158;721920;156958499;78200579
90368;6.4340004921;195625;259203;1406;722944;157200661;78337073
90496;6.4260001183;196395;263623;1118;723968;157442851;78473585
90624;6.4450001717;196545;262975;1176;724992;157685068;78612255
90752;7.7170004845;197472;260532;19225;726016;157927313;78748786
90880;7.2580003738;197325;256899;1380;727040;158169585;78887455
91008;6.8680005074;197011;261683;1371;728064;158411885;79026144
91136;6.7610001564;197482;263190;1424;729088;158654212;79166990
91264;6.7160005569;198211;260588;1108;730112;158896567;79303538
91392;6.6550002098;198128;263448;1250;731136;159138949;79442209
91520;6.6550002098;198771;261722;1282;732160;159381358;79580897
91648;6.7100005150;199378;266053;1322;733184;159623795;79721744
91776;6.7100005150;200744;262901;1320;734208;159866259;79860450
91904;6.7310004234;199639;263921;1339;735232;160108750;80001294
92032;6.8410005569;199868;270060;1105;736256;160351268;80142160
92160;6.7380003929;200198;269822;1117;737280;160593814;80285183
92288;6.7520003319;200805;266667;1393;738304;160836386;80421749
92416;6.7460002899;201232;271885;1076;739328;161078986;80560418
92544;6.7660002708;201961;269323;1371;740352;161321612;80699107
92672;6.7850003242;201966;266298;1290;741376;161564266;80839954
92800;6.7920002937;202064;267368;1198;742400;161806946;80978660
92928;6.7910003662;201929;267512;1160;743424;162049654;81119505
93056;7.9460005760;204364;270588;19220;744448;162292388;81260370
93184;7.6800003052;204519;270403;1591;745472;162535149;81403393
93312;7.3160004616;204676;264752;1324;746496;162777937;81542116
93440;7.2230005264;204986;268851;1446;747520;163020752;81682963
93568;6.9010004997;205575;272707;1259;748544;163263593;81823826
93696;6.8800001144;205775;270994;1723;749568;163506461;81966850
93824;7.0760002136;205640;265513;19576;750592;163749356;82107731
93952;7.1180005074;206062;268230;1315;751616;163992278;82250754
94080;7.0630002022;204786;268917;1623;752640;164235226;82393793
94208;7.0370001793;206045;270037;1498;753664;164478200;82538993
94336;7.0579223633;206475;272261;1423;754688;164721201;82675583
94464;7.1310005188;205950;273922;1277;755712;164964229;82814247
94592;7.0810003281;207289;273338;1527;756736;165207283;82952935
94720;8.7950000763;206442;275185;1398;757760;165450363;83093782
94848;7.0140004158;207031;279829;1123;758784;165693470;83232488
94976;6.9710001945;206521;277257;1253;759808;165936603;83373333
95104;6.9750003815;207553;279154;1336;760832;166179762;83514198
95232;7.0300002098;208617;280316;1149;761856;166422948;83657221
95360;7.0550003052;208289;276269;1472;762880;166666160;83795944
95488;7.0410003662;209237;278762;1439;763904;166909398;83936791
95616;7.0270004272;209569;281024;1156;764928;167152662;84077655
95744;7.0290002823;209624;278944;1329;765952;167395952;84220678
95872;7.0530004501;209373;282395;1289;766976;167639269;84361560
96000;7.0730004311;210242;278434;1213;768000;167882611;84504581
96128;7.0610003471;210286;284449;1453;769024;168125979;84647622
96256;7.0640001297;209643;281656;1483;770048;168369374;84792821
96384;7.0760002136;209750;285914;1272;771072;168612794;84931562
96512;7.0970001221;210326;284414;1304;772096;168856241;85072409
96640;8.2910003662;211649;284439;20533;773120;169099713;85213273
96768;8.1920003891;210883;297636;1800;774144;169343211;85356296
96896;8.0190000534;211148;283864;1894;775168;169586735;85497178
97024;7.6880002022;210920;282749;1435;776192;169830284;85640200
97152;7.4230003357;212988;289039;1310;777216;170073860;85783240
97280;7.3540005684;212614;286095;1475;778240;170317461;85928439
97408;7.3610005379;213983;279949;1656;779264;170561087;86069339
97536;7.3820004463;212400;285869;1412;780288;170804740;86212360
97664;7.3960003853;213606;285650;1520;781312;171048418;86355401
97792;7.4070005417;214013;284615;1528;782336;171292121;86500600
97920;7.4040002823;213038;285791;1403;783360;171535850;86643658
98048;7.4110002518;213345;290466;1200;784384;171779605;86788856
98176;7.4370002747;214135;288978;1426;785408;172023385;86934072
98304;7.4410004616;217919;286541;1483;786432;172267191;87081447
98432;7.4730005264;217364;290227;1353;787456;172511022;87152804
98560;7.4710001945;216451;292805;1513;788480;172754878;87226195
98688;7.4770002365;216173;291313;1416;789504;172998759;87299603
98816;7.4810004234;216039;287405;1428;790528;173242666;87375169
98944;7.5230002403;216638;294338;1320;791552;173486599;87448596
99072;7.5270004272;217194;291074;1769;792576;173730556;87524162
99200;7.5440001488;217262;292941;1402;793600;173974539;87599746
99328;7.5510005951;217359;294083;1400;794624;174218547;87677489
99456;7.5650005341;219075;293364;1388;795648;174462580;87750933
99584;7.5100002289;218079;292379;1642;796672;174706638;87826499
99712;7.3960003853;218345;290137;1434;797696;174950721;87902082
99840;7.3780002594;219549;292813;1641;798720;175194829;87979826
99968;7.3669433594;219461;289920;1324;799744;175438962;88055428
100096;7.3780002594;219560;294069;1540;800768;175683121;88133170
100224;8.3320007324;220139;295474;21127;801792;175927304;88210930
100352;7.9580001831;220428;298792;1705;802816;176171512;88290849
100480;7.7340002060;220783;299924;1663;803840;176415745;88364311
100608;7.4820003510;221560;292708;1614;804864;176660003;88439877
100736;7.4420003891;220679;300255;1482;805888;176904285;88515461
100864;7.4530005455;221020;293396;1437;806912;177148593;88593203
100992;7.4800004959;221188;301652;1464;807936;177392925;88668806
101120;7.5570001602;221895;302506;1489;808960;177637282;88746548
101248;7.4840002060;222101;302392;1397;809984;177881664;88824308
101376;7.5060005188;222292;300406;1397;811008;178126070;88904227
101504;7.4980001450;222185;303641;1534;812032;178370501;88979847
101632;7.5080003738;222609;304841;1506;813056;178614956;89057588
101760;7.5090003014;222177;303594;1349;814080;178859436;89135348
101888;7.5400004387;223980;303493;1491;815104;179103941;89215268
102016;7.5210003853;223492;302745;1391;816128;179348470;89293046
102144;7.5630002022;224332;301960;1410;817152;179593024;89372964
102272;7.5360002518;224544;305366;1482;818176;179837602;89452898
102400;12.6450004578;225060;311814;21699;819200;180082205;89534996
102528;8.3450002670;224732;306132;1659;820224;180326832;89608475
102656;7.8700003624;226035;308765;1640;821248;180571483;89684041
102784;7.6530003548;226798;305146;1411;822272;180816158;89759625
102912;7.5650005341;225668;304962;1512;823296;181060858;89837368
103040;7.5180001259;226076;307922;1364;824320;181305583;89912970
103168;7.4750003815;226544;308319;1583;825344;181550331;89990712
103296;7.5790004730;226602;306228;1703;826368;181795104;90068471
103424;8.8910007477;227503;314908;21832;827392;182039900;90148391
103552;8.5080003738;228019;310149;1569;828416;182284721;90224011
103680;7.8800005913;228673;310027;1911;829440;182529567;90301753
103808;7.7590003014;228826;309126;1683;830464;182774436;90379513
103936;7.6360001564;228657;315279;1703;831488;183019329;90459432
104064;7.6680002213;229349;312076;1498;832512;183264246;90537210
104192;7.5820002556;229989;311683;1629;833536;183509187;90617128
104320;7.6040005684;230075;312668;1596;834560;183754153;90697064
104448;7.5270004272;230498;312212;1614;835584;183999142;90779159
104576;7.6120004654;230848;312158;1525;836608;184244155;90854797
104704;7.6290001869;230956;312761;1574;837632;184489192;90932539
104832;7.6160001755;231279;316318;1641;838656;184734253;91010299
104960;7.6900005341;232335;310833;1482;839680;184979337;91090218
105088;7.7089233398;232318;319549;1516;840704;185224446;91167995
105216;7.7120003700;232095;314427;1687;841728;185469578;91247914
105344;7.7020001411;230927;310522;1635;842752;185714734;91327850
105472;7.7720003128;233291;313308;1674;843776;185959914;91409945
105600;7.7270002365;234704;310434;1540;844800;186205117;91487741
105728;7.7370004654;233177;321340;1608;845824;186450344;91567659
105856;7.7470002174;234726;320574;1349;846848;186695594;91647595
105984;7.7420005798;234102;320862;1600;847872;186940869;91729690
106112;7.7780003548;234952;316927;1226;848896;187186166;91809643
106240;7.8030004501;234113;328292;1434;849920;187431488;91891738
106368;7.7860002518;235876;328501;1603;850944;187676832;91973850
106496;7.7890005112;234563;320673;1749;851968;187922201;92058121
106624;7.7770004272;236459;331207;1562;852992;188167592;92131619
106752;7.7970004082;237233;320420;1450;854016;188413008;92207185
106880;7.7810001373;237022;321009;1503;855040;188658446;92282769
107008;7.8020005226;236918;325629;1771;856064;188903908;92360512
107136;7.8050003052;236384;323839;1553;857088;189149393;92436114
107264;7.8180003166;237444;326781;1604;858112;189394902;92513856
107392;7.8110003471;238214;324013;1521;859136;189640434;92591615
107520;7.8650002480;237382;326013;1669;860160;189885989;92671535
107648;7.6230001450;238008;323657;1546;861184;190131567;92747155
107776;7.6360001564;238860;323378;1546;862208;190377169;92824895
107904;9.1649999619;239378;332062;22917;863232;190622793;92902657
108032;8.7400007248;239146;341622;2033;864256;190868441;92982577
108160;8.1520004272;238767;352021;1846;865280;191114112;93060354
108288;8.1040000916;240000;323753;1967;866304;191359806;93140272
108416;7.9370002747;242115;325782;2034;867328;191605524;93220208
108544;7.8970003128;240718;333235;1984;868352;191851264;93302303
108672;7.9160003662;241373;334072;1827;869376;192097027;93377941
108800;7.8580002785;241127;330702;1954;870400;192342813;93455682
108928;7.8360004425;241288;330953;1773;871424;192588622;93533443
109056;7.7510004044;242593;332938;1709;872448;192834454;93613362
109184;7.7970004082;243693;327541;2145;873472;193080309;93691140
109312;7.8090004921;241836;330413;2224;874496;193326187;93771058
109440;7.8360004425;242330;329849;2076;875520;193572088;93850994
109568;7.7520003319;242939;331510;2011;876544;193818011;93933089
109696;7.9940004349;244325;325757;2431;877568;194063957;94010885
109824;7.9690003395;243767;340816;2034;878592;194309926;94090803
109952;7.9470005035;243735;332472;1905;879616;194555918;94170739
110080;7.7990002632;244413;332198;1779;880640;194801933;94252834
110208;7.9900002480;245640;343085;1856;881664;195047970;94332788
110336;7.9980001450;245660;329520;1886;882688;195294030;94414882
110464;8.0139999390;244905;335248;1956;883712;195540112;94496994
110592;8.0110006332;246677;329491;1924;884736;195786217;94581265
110720;7.9980001450;246636;337066;2041;885760;196032345;94656921
110848;7.9910001755;247024;335078;1806;886784;196278495;94734663
110976;8.0069999695;247009;340265;1946;887808;196524668;94812423
111104;7.9810004234;248820;333360;2103;888832;196770863;94892342
111232;8.0130004883;247356;337420;1954;889856;197017081;94970120
111360;8.0130004883;248256;336741;1956;890880;197263321;95050038
111488;8.0160007477;249300;342715;1909;891904;197509584;95129974
111616;8.0300006866;248377;339375;1750;892928;197755869;95212069
111744;8.0300006866;249007;344432;1891;893952;198002177;95289865
111872;8.0200004578;249335;344911;1971;894976;198248506;95369782
112000;8.1290006638;250157;342267;2591;896000;198494858;95449719
112128;8.0180006027;250572;346466;2325;897024;198741233;95531814
112256;8.0170001984;250737;341439;1964;898048;198987629;95611768
112384;8.0460004807;249917;343092;2084;899072;199234048;95693862
112512;8.0399999619;251685;344906;2058;900096;199480490;95775974
112640;8.0280008316;251733;346728;1966;901120;199726953;95860245
112768;8.0450000763;251661;349185;1674;902144;199973438;95938059
112896;7.9180002213;252701;343766;1783;903168;200219946;96017977
113024;9.3910007477;253062;352339;23857;904192;200466476;96097913
113152;8.6560001373;252065;351258;2185;905216;200713028;96180008
113280;8.3299999237;253775;346342;2073;906240;200959602;96259962
113408;9.1790008545;254084;351519;23941;907264;201206198;96342056
113536;8.5230007172;255687;351980;2341;908288;201452816;96424168
113664;8.3630008698;254039;348135;2038;909312;201699456;96508440
113792;8.1300001144;253902;351175;1831;910336;201946118;96588411
113920;8.2820005417;255008;357051;2002;911360;202192802;96670505
114048;8.1059999466;254766;354163;1750;912384;202439507;96752616
114176;8.0770006180;254302;352627;1882;913408;202686235;96836888
114304;8.0850000381;256049;346526;2039;914432;202932985;96919018
114432;8.0480003357;257049;349898;1806;915456;203179756;97003288
114560;7.9330005646;256181;353764;1787;916480;203426550;97087576
114688;8.0900001526;257698;352287;1906;917504;203673365;97174023
114816;8.1050004959;258509;350479;1939;918528;203920202;97247539
114944;8.1300001144;258287;360346;1946;919552;204167060;97323105
115072;8.1310005188;258678;354269;1889;920576;204413941;97398689
115200;8.1790008545;260306;352981;9686;921600;204660843;97476432
115328;8.4030008316;259770;353959;2301;922624;204907767;97552034
115456;8.4300003052;259007;355207;2256;923648;205154712;97629776
115584;8.3930006027;260419;353571;2130;924672;205401679;97707536
115712;8.1870002747;259434;358389;1900;925696;205648668;97787455
115840;8.2620000839;259989;358387;2048;926720;205895678;97863075
115968;8.2230005264;260503;359603;2029;927744;206142710;97940817
116096;8.2220001221;260465;358633;1743;928768;206389763;98018576
116224;8.2340002060;260151;360267;1952;929792;206636838;98098496
116352;8.2340002060;263002;352279;1939;930816;206883934;98176274
116480;8.2700004578;261288;362668;1875;931840;207131052;98256192
116608;8.2670001984;261664;362113;1897;932864;207378191;98336128
116736;8.2480001450;262883;358292;1792;933888;207625352;98418223
116864;8.2770004272;261999;361417;1892;934912;207872534;98493860
116992;8.2890005112;262249;361760;2335;935936;208119737;98571603
117120;8.3090000153;263327;364444;1960;936960;208366962;98649363
117248;8.2980003357;263467;363003;1612;937984;208614208;98729282
117376;8.3010005951;264330;361356;1806;939008;208861476;98807060
117504;8.3120002747;264730;370686;2132;940032;209108764;98886978
117632;8.3260002136;264678;362677;2015;941056;209356074;98966914
117760;8.3290004730;264425;366498;1917;942080;209603405;99049009
117888;9.6180000305;264854;373125;24826;943104;209850758;99126805
118016;9.0310001373;264659;366509;2218;944128;210098131;99206722
118144;8.5870008469;266086;368473;2240;945152;210345526;99286659
118272;8.3680000305;266456;368935;2181;946176;210592942;99368754
118400;8.1310005188;266409;367691;2051;947200;210840379;99448707
118528;8.1400003433;266762;371626;1877;948224;211087837;99530802
118656;9.8890008926;267868;374947;25010;949248;211335316;99612913
118784;13.9410009384;268895;367432;24213;950272;211582816;99697187
118912;9.0069999695;269261;369287;2315;951296;211830338;99772840
119040;8.6220006943;268916;370665;2068;952320;212077880;99850583
119168;8.3420000076;268613;367984;1846;953344;212325443;99928343
119296;8.6480007172;268984;368316;2172;954368;212573027;100008262
119424;8.4130001068;269328;369518;1848;955392;212820632;100086040
119552;8.3520002365;270099;371048;1756;956416;213068258;100165958
119680;8.2580003738;270969;369480;1877;957440;213315905;100245894
119808;8.3000001907;271268;366334;2245;958464;213563573;100327989
119936;8.3580007553;270962;376256;2047;959488;213811261;100405786
120064;8.3150005341;270941;369495;2358;960512;214058971;100485704
120192;8.4680004120;272014;373865;1859;961536;214306701;100565639
120320;8.4680004120;271374;373869;1808;962560;214554452;100647733
120448;8.4429321289;273381;369022;1659;963584;214802224;100727688
120576;8.6110000610;272129;381855;1734;964608;215050016;100809782
120704;8.4970006943;273697;378441;1839;965632;215297830;100891894
120832;8.5329999924;272655;375819;1990;966656;215545664;100976165
120960;8.4930000305;272954;378522;1747;967680;215793518;101053979
121088;8.5390005112;272802;376879;1941;968704;216041393;101133897
121216;8.5300006866;274857;378567;1643;969728;216289289;101213833
121344;8.5920000076;275710;384355;1881;970752;216537206;101295928
121472;8.5110006332;276331;375165;1891;971776;216785143;101375882
121600;8.5110006332;276860;381473;1791;972800;217033100;101457977
121728;8.5170001984;275592;388232;1896;973824;217281079;101540088
121856;8.5380001068;276893;378480;2137;974848;217529077;101624359
121984;8.5420007706;278359;386513;2015;975872;217777096;101704331
122112;8.5110006332;277393;384081;2133;976896;218025136;101786425
122240;8.5370006561;278058;383989;1948;977920;218273196;101868538
122368;8.5760002136;278348;384045;2095;978944;218521277;101952808
122496;8.5530004501;278872;390103;2160;979968;218769377;102034938
122624;8.5760002136;279332;386119;2022;980992;219017499;102119208
122752;8.3760004044;280514;385767;2063;982016;219265640;102203496
122880;8.5469999313;279296;386111;2178;983040;219513803;102289943
123008;8.3940000534;280200;388573;1989;984064;219761985;102365616
123136;8.4730005264;280868;387599;2249;985088;220010188;102443359
123264;8.5980005264;282250;387947;1907;986112;220258410;102521119
123392;8.5190000534;281716;385078;1903;987136;220506654;102601038
123520;8.5350008011;281822;391544;2451;988160;220754917;102678816
123648;8.5910005569;282143;386072;2228;989184;221003201;102758734
123776;12.6040010452;282621;392127;26074;990208;221251505;102838671
123904;9.7590007782;282943;406246;2369;991232;221499829;102920766
124032;9.7480001450;283651;391420;2285;992256;221748173;102998562
124160;8.7480001450;283278;390570;2298;993280;221996537;103078479
124288;9.7920007706;284043;395898;26140;994304;222244922;103158415
124416;9.0760002136;285750;385771;2586;995328;222493326;103240510
124544;8.8420000076;285489;395157;2461;996352;222741751;103320464
124672;8.5440006256;286341;396618;2359;997376;222990195;103402558
124800;8.4660005569;285878;391351;2219;998400;223238660;103484670
124928;8.7330007553;285835;396376;2202;999424;223487145;103568940
125056;8.7330007553;286771;395095;1869;1000448;223735650;103646756
125184;8.7279663086;287593;394797;2111;1001472;223984174;103726673
125312;8.7380008698;286717;391680;1871;1002496;224232719;103806609
125440;8.8220005035;287557;394937;1919;1003520;224481283;103888704
125568;8.7690000534;287703;397575;2050;1004544;224729868;103968658
125696;8.7670001984;288653;396001;1915;1005568;224978472;104050752
125824;8.8050003052;288829;401057;2119;1006592;225227097;104132864
125952;8.8410005569;289237;399371;2492;1007616;225475741;104217136
126080;8.7950000763;290648;390553;1974;1008640;225724404;104297106
126208;8.8150005341;287133;398608;2105;1009664;225973088;104379201
126336;8.8450002670;288092;399657;2175;1010688;226221792;104461314
126464;8.8280000687;286871;401058;2074;1011712;226470515;104545584
126592;8.8229999542;288366;402363;2206;1012736;226719258;104627714
126720;8.8310003281;288303;399548;2214;1013760;226968021;104711984
126848;8.8570003510;287974;403551;2062;1014784;227216803;104796272
126976;8.8770008087;288499;405275;2200;1015808;227465605;104882719
127104;8.8500003815;289177;404379;2360;1016832;227714427;104960551
127232;8.8610000610;289367;408006;2320;1017856;227963269;105040469
127360;8.8670005798;290187;403882;2278;1018880;228212130;105120406
127488;8.8030004501;289958;405014;2231;1019904;228461010;105202500
127616;8.8320007324;290998;406366;2262;1020928;228709911;105282454
127744;8.8790006638;289532;406044;2595;1021952;228958831;105364549
127872;8.8030004501;291307;407725;2181;1022976;229207770;105446660
128000;8.9300003052;290940;414709;1984;1024000;229456729;105530931
