array_size;time_spent(s);PAPI_L1_TCM;PAPI_L2_TCM;PAPI_L3_TCM;DATA_BYTES;NUM_INSTRUCTIONS;PAPI_TOT_INS
2048;0.2880000174;1011;273;81;16384;2380342;1305716
2176;0.2040000111;1155;264;14;17408;2549223;1422656
2304;0.2470000088;1310;271;23;18432;2719253;1541805
2432;0.2810000181;1479;275;20;19456;2890366;1660974
2560;0.1490000039;1829;286;23;20480;3062508;1782427
2688;0.1600000113;1836;299;13;21504;3235625;1901614
2816;0.1690000147;2031;291;19;22528;3409672;2023067
2944;0.1810000092;2182;302;14;23552;3584606;2144540
3072;0.1880000085;2222;275;16;24576;3760388;2268297
3200;0.1940000057;2422;292;21;25600;3936984;2325679
3328;0.2250000089;3035;480;19;26624;4114360;2385308
3456;0.2070000172;2660;334;20;27648;4292488;2444957
3584;0.2090000063;2831;334;22;28672;4471338;2506890
3712;0.2140000165;3157;304;18;29696;4650885;2566557
3840;0.2190000117;3144;284;20;30720;4831104;2628490
3968;0.2240000069;3318;318;20;31744;5011975;2690443
4096;0.2420000136;4025;473;22;32768;5193475;2754681
4224;0.2830000222;4728;620;22;33792;5375585;2874967
4352;0.4110000134;3940;323;97;34816;5558286;2997444
4480;0.4810000360;4045;314;12;35840;5741561;3119941
4608;0.2700000107;4440;355;17;36864;5925394;3244722
4736;0.3850000203;4580;330;20;37888;6109769;3367237
4864;0.2910000086;4867;342;23;38912;6294671;3492018
4992;0.3010000288;5022;377;20;39936;6480087;3616819
5120;0.3320000172;5436;385;19;40960;6666003;3743905
5248;0.3360000253;5473;358;18;41984;6852407;3866438
5376;0.3310000300;5569;332;12;43008;7039287;3991219
5504;0.3410000205;5766;350;14;44032;7226631;4116020
5632;0.3520000279;6050;338;19;45056;7414429;4253854
5760;0.3630000055;6164;359;15;46080;7602671;4379057
5888;0.3730000257;6400;378;19;47104;7791347;4506526
6016;0.3870000243;6645;455;13;48128;7980446;4634016
6144;0.3920000196;6653;409;22;49152;8169961;4763788
6272;0.4010000229;6913;370;34;50176;8359883;4824517
6400;0.4060000181;7016;386;18;51200;8550202;4887474
6528;0.8690000176;7253;484;17;52224;8740912;4950451
6656;0.4170000255;7505;413;19;53248;8932005;5015712
6784;0.5160000324;7684;424;15;54272;9123472;5078707
6912;0.6140000224;8228;751;27;55296;9315308;5143970
7040;0.8690000176;8072;466;24;56320;9507505;5209249
7168;0.4420000315;8410;566;19;57344;9700057;5276815
7296;0.4730000198;8472;459;23;58368;9892958;5339828
7424;0.6790000200;8428;404;16;59392;10086201;5405089
7552;0.6200000048;9403;986;20;60416;10279780;5470370
7680;0.4580000341;9221;464;14;61440;10473690;5537935
7808;0.8160000443;9228;490;19;62464;10667925;5603234
7936;0.4690000117;9300;442;23;63488;10862480;5670799
8064;0.4750000238;9622;495;20;64512;11057350;5738396
8192;0.8370000124;10384;902;13;65536;11252530;5808255
8320;0.6170000434;10110;443;15;66560;11448014;5932271
8448;0.6310000420;10246;558;36;67584;11643799;6058460
8576;0.5150000453;10779;486;14;68608;11839879;6184669
8704;0.5279999971;11034;529;37;69632;12036250;6313162
8832;0.6590000391;14960;1503;133;70656;12232909;6439389
8960;0.5460000038;11403;456;33;71680;12429850;6567882
9088;0.5590000153;11712;597;26;72704;12627070;6696395
9216;0.9150000215;11914;523;31;73728;12824565;6827192
9344;0.8760000467;12061;610;10;74752;13022331;6953438
9472;1.2910000086;12418;606;11;75776;13220364;7081931
9600;0.6040000319;12609;804;16;76800;13418661;7210445
9728;0.6190000176;13098;629;15;77824;13617218;7341242
9856;0.6400000453;13243;692;21;78848;13816031;7631307
9984;0.6470000148;13609;590;10;79872;14015098;7765688
10112;1.1260000467;14013;815;21;80896;14214416;7900090
10240;1.0930000544;14493;761;46;81920;14413980;8036775
10368;0.6800000072;14312;714;19;82944;14613788;8166623
10496;1.4460000992;14633;727;19;83968;14813837;8298700
10624;0.7120000124;14928;844;55;84992;15014124;8430798
10752;0.7670000196;15132;727;15;86016;15214646;8565178
10880;0.7250000238;15279;737;33;87040;15415401;8697293
11008;0.7370000482;15450;702;27;88064;15616385;8831674
11136;1.5620000362;15589;707;16;89088;15817596;8966075
11264;0.7570000291;15983;747;52;90112;16019031;9102760
11392;1.6040000916;16046;670;131;91136;16220688;9234894
11520;0.7780000567;16233;702;14;92160;16422564;9369275
11648;0.7880000472;16284;733;18;93184;16624657;9503676
11776;0.8010000587;16735;764;19;94208;16826964;9640361
11904;0.8110000491;16709;717;24;95232;17029484;9774780
12032;0.8190000653;17222;687;13;96256;17232213;9911465
12160;0.8320000172;17320;755;12;97280;17435150;10048170
12288;0.8380000591;17277;724;14;98304;17638292;10187159
12416;0.9020000696;18094;1014;15;99328;17841637;10251236
12544;0.8920000196;18000;911;13;100352;18045184;10317521
12672;0.8650000691;18182;733;13;101376;18248930;10383825
12800;0.8690000176;18533;751;23;102400;18452872;10452414
12928;0.8780000210;18502;760;14;103424;18657010;10518737
13056;0.8820000291;18938;864;19;104448;18861342;10587326
13184;0.8850000501;19145;791;14;105472;19065864;10655935
13312;0.8970000148;19575;1014;18;106496;19270576;10726829
13440;1.8740000725;19581;829;17;107520;19475475;10793170
13568;0.9060000181;19474;887;13;108544;19680561;10861759
13696;0.9090000391;19751;746;11;109568;19885830;10930368
13824;0.9160000682;20347;858;25;110592;20091282;11001261
13952;0.9210000634;20446;861;20;111616;20296914;11069888
14080;0.9740000367;20506;1007;31;112640;20502726;11140781
14208;0.9720000625;20625;994;16;113664;20708715;11211694
14336;1.0590000153;21580;1010;13;114688;20914879;11284892
14464;0.9380000234;21497;932;21;115712;21121218;11351252
14592;1.4810000658;21637;846;20;116736;21327729;11419841
14720;1.5380001068;23940;1695;16;117760;21534412;11488451
14848;0.9610000253;22238;887;31;118784;21741264;11559343
14976;1.3620001078;22765;882;19;119808;21948285;11627970
15104;0.9710000753;22369;892;12;120832;22155472;11698863
15232;1.3340001106;23078;1018;21;121856;22362825;11769777
15360;0.9830000401;23633;1016;58;122880;22570342;11842974
15488;1.5490000248;23205;1061;12;123904;22778021;11911620
15616;1.5270000696;23335;1022;13;124928;22985861;11982513
15744;2.7370002270;23722;991;57;125952;23193862;12053425
15872;1.8500001431;24737;1102;25;126976;23402021;12126623
16000;1.0110000372;23562;1019;15;128000;23610337;12197553
16128;1.2390000820;25045;1108;17;129024;23818810;12270751
16256;1.0210000277;24821;949;22;130048;24027437;12343967
16384;1.0060000420;24587;912;28;131072;24236218;12190053
16512;1.0220000744;24995;1009;23;132096;24445152;12317419
16640;1.4640001059;25778;906;22;133120;24654236;12446936
16768;1.4570000172;26566;1289;36;134144;24863471;12576473
16896;1.0580000877;26514;977;16;135168;25072855;12708293
17024;1.0690000057;26498;889;17;136192;25282387;12837849
17152;1.0780000687;27076;966;22;137216;25492065;12969670
17280;1.0890001059;27121;889;23;138240;25701889;13101510
17408;1.6650000811;27136;971;38;139264;25911857;13235635
17536;1.1200000048;27695;1275;22;140288;26121969;13365211
17664;1.1200000048;27702;880;20;141312;26332223;13497031
17792;1.7160000801;28217;1055;18;142336;26542619;13628871
17920;1.8540000916;28372;1025;19;143360;26753155;13762996
18048;1.1500000954;28531;971;13;144384;26963831;13894856
18176;1.1600000858;28927;914;11;145408;27174645;14028981
18304;2.4380002022;29109;1106;20;146432;27385596;14163125
18432;2.3400001526;29299;1087;25;147456;27596684;14299554
18560;1.3700001240;29675;1024;13;148480;27807907;14429148
18688;1.9660000801;30124;1240;50;149504;28019265;14560970
18816;2.1320002079;30263;1148;36;150528;28230756;14692809
18944;1.9280000925;30716;1240;13;151552;28442380;14826935
19072;1.2360000610;30791;1054;22;152576;28654136;14958794
19200;1.2460000515;30834;1153;20;153600;28866023;15092919
19328;1.2540000677;31317;998;18;154624;29078040;15227063
19456;2.5320000648;31538;1053;47;155648;29290186;15363492
19584;1.4460000992;32368;2047;18;156672;29502461;15495374
19712;1.2880001068;32256;1063;16;157696;29714863;15629496
19840;1.2970000505;32550;1135;22;158720;29927392;15763640
19968;1.3070000410;32775;1004;20;159744;30140047;15900069
20096;1.3650000095;33514;1493;32;160768;30352827;16034234
20224;1.3280000687;33374;1065;18;161792;30565731;16170662
20352;1.3580000401;33877;1268;29;162816;30778758;16307111
20480;1.3450000286;33816;1102;16;163840;30991909;16445843
20608;1.6190000772;33891;1306;61;164864;31205181;16575456
20736;1.3720000982;34191;1185;21;165888;31418574;16707277
20864;1.3920000792;34747;1304;16;166912;31632088;16839118
20992;1.4600000381;35565;1917;38;167936;31845722;16973242
21120;2.0000000000;35306;1891;22;168960;32059474;17105104
21248;1.9500000477;35338;1175;23;169984;32273345;17239227
21376;2.1920001507;35821;1394;15;171008;32487334;17373372
21504;2.0520000458;36179;1479;15;172032;32701439;17509801
21632;1.4620000124;36376;1267;48;173056;32915660;17641680
21760;1.6250001192;36882;1598;29;174080;33129997;17775806
21888;2.6090002060;36961;1413;18;175104;33344449;17909949
22016;1.4900001287;36962;1379;12;176128;33559014;18046378
22144;1.4920001030;36976;1264;15;177152;33773694;18180541
22272;2.6520001888;37253;1370;45;178176;33988485;18316971
22400;2.7790000439;37668;1505;50;179200;34203390;18453419
22528;1.5560001135;37842;1403;68;180224;34418405;18592151
22656;2.3640000820;38298;1824;30;181248;34633532;18724051
22784;2.8420002460;38735;1667;15;182272;34848768;18858175
22912;1.5610001087;38251;1492;16;183296;35064114;18992318
23040;1.7410000563;39007;1471;21;184320;35279570;19128748
23168;2.7000000477;39057;1619;21;185344;35495133;19262912
23296;2.4170000553;39327;1445;22;186368;35710805;19399341
23424;1.5990000963;39368;1328;18;187392;35926584;19535788
23552;1.6130000353;39669;1234;17;188416;36142469;19674521
23680;2.2430000305;40359;1520;33;189440;36358460;19808705
23808;2.6550002098;40255;1275;39;190464;36574557;19945133
23936;2.5860002041;40996;1853;45;191488;36790759;20081583
24064;2.9940001965;41695;2443;23;192512;37007065;20220315
24192;1.8110001087;41606;1935;32;193536;37223475;20356784
24320;1.6940001249;41757;1820;16;194560;37439988;20495515
24448;2.3270001411;41907;1950;40;195584;37656604;20634268
24576;2.2690000534;41213;1672;23;196608;37873322;20775305
24704;2.6710002422;41548;1936;16;197632;38090141;20842729
24832;2.4330000877;42575;1782;16;198656;38307062;20912342
24960;1.7990001440;42460;1518;13;199680;38524083;20981973
25088;2.9150002003;42919;1690;48;200704;38741205;21053890
25216;4.9140000343;43485;2023;88;201728;38958426;21123544
25344;2.0720000267;43247;1578;32;202752;39175746;21195459
25472;1.7520000935;43986;1749;17;203776;39393164;21267396
25600;1.7610000372;44135;1766;14;204800;39610681;21341617
25728;1.7600001097;43937;1650;44;205824;39828295;21411287
25856;3.1180000305;44599;1736;49;206848;40046006;21483205
25984;3.0150001049;44874;1819;77;207872;40263814;21555141
26112;3.0220000744;45140;1920;48;208896;40481717;21629362
26240;3.3920001984;45650;1777;46;209920;40699717;21701318
26368;1.8060001135;45266;1995;21;210944;40917812;21775539
26496;2.6290001869;45859;1663;59;211968;41136001;21849778
26624;2.4380002022;46283;2060;68;212992;41354285;21926304
26752;3.0660002232;46582;2679;33;214016;41572662;21995996
26880;2.8800001144;47671;2600;34;215040;41791133;22067911
27008;1.9900001287;47104;2254;27;216064;42009697;22139849
27136;2.6860001087;46791;1900;20;217088;42228353;22214067
27264;1.8390001059;47559;1738;21;218112;42447101;22286023
27392;2.2160000801;47769;1927;22;219136;42665941;22360245
27520;1.8960001469;47889;1899;19;220160;42884872;22434485
27648;1.8520001173;47871;1649;16;221184;43103894;22511009
27776;3.3560001850;50214;2473;78;222208;43323006;22582984
27904;1.9190001488;50107;2355;238;223232;43542208;22657205
28032;1.8710000515;48784;1749;19;224256;43761500;22731445
28160;2.6530001163;48973;1920;15;225280;43980881;22807971
28288;1.8920000792;49796;2131;24;226304;44200350;22882231
28416;1.8840000629;49851;2058;33;227328;44419908;22958756
28544;1.8910000324;49843;1814;40;228352;44639553;23035299
28672;1.8840000629;50044;1765;18;229376;44859286;23114128
28800;1.8970000744;50304;1699;11;230400;45079106;23183837
28928;1.9080001116;51003;1984;29;231424;45299013;23255754
29056;1.9190001488;51408;2120;22;232448;45519006;23327691
29184;1.9190001488;51504;1844;18;233472;45739086;23401911
29312;2.8560001850;51632;2051;54;234496;45959250;23473868
29440;1.9360001087;51770;1959;43;235520;46179500;23548088
29568;1.9390001297;52161;2049;58;236544;46399835;23622328
29696;1.9480000734;52371;1939;72;237568;46620254;23698853
29824;1.9800001383;52811;2083;22;238592;46840758;23770829
29952;1.9590001106;52989;2070;17;239616;47061345;23845050
30080;1.9660000801;53635;2178;75;240640;47282015;23919290
30208;1.9690001011;53553;2246;22;241664;47502769;23995815
30336;2.7980000973;53925;2026;24;242688;47723605;24070074
30464;2.5120000839;54162;2520;22;243712;47944523;24146600
30592;1.9780000448;54407;1979;21;244736;48165524;24223143
30720;1.9870001078;55174;2298;20;245760;48386606;24301973
30848;2.0050001144;54575;1968;20;246784;48607769;24373966
30976;2.8980002403;55951;2703;17;247808;48829014;24448188
31104;2.0150001049;55597;2108;21;248832;49050339;24522428
31232;2.0160000324;55945;2024;15;249856;49271744;24598952
31360;2.0220000744;56129;2066;17;250880;49493229;24673212
31488;3.6150002480;56559;2189;71;251904;49714794;24749738
31616;2.6890001297;56816;2148;44;252928;49936439;24826282
31744;2.0490000248;57183;2196;9;253952;50158162;24905111
31872;2.0710000992;57096;2315;58;254976;50379964;24979389
32000;2.7930002213;57169;2428;78;256000;50601844;25055915
32128;2.3210000992;57454;2283;63;257024;50823802;25132459
32256;2.1370000839;60573;3298;63;258048;51045838;25211288
32384;2.1010000706;58288;2383;22;259072;51267952;25287852
32512;3.6490001678;60322;3582;24;260096;51490143;25366681
32640;2.1980001926;58327;2532;25;261120;51712410;25445530
32768;2.1050000191;58318;2314;20;262144;51934754;25526662
32896;2.0950000286;58878;2218;20;263168;52157174;25657375
33024;3.4380002022;60079;2312;62;264192;52379670;25790220
33152;2.1210000515;60128;2112;34;265216;52602242;25923083
33280;2.1370000839;60471;2135;54;266240;52824889;26058232
33408;2.1520001888;60582;2203;21;267264;53047611;26191116
33536;2.1610000134;61007;1981;18;268288;53270408;26326265
33664;2.1710000038;61610;2247;35;269312;53493279;26461433
33792;2.4800000191;65893;4526;64;270336;53716225;26598888
33920;2.1960000992;62045;2239;20;271360;53939244;26731789
34048;2.2150001526;62100;2345;13;272384;54162337;26866938
34176;2.3930001259;63047;2495;37;273408;54385504;27002107
34304;6.3320002556;64723;2727;63;274432;54608743;27139561
34432;2.2480001450;63461;2246;44;275456;54832056;27274748
34560;2.2890000343;64024;2449;12;276480;55055440;27412201
34688;2.2740001678;64364;2328;17;277504;55278898;27549673
34816;2.2910001278;64170;2543;28;278528;55502427;27689430
34944;2.3470001221;65609;3366;66;279552;55726028;27822351
35072;2.2930002213;64496;2238;8;280576;55949700;27957500
35200;2.3080000877;64890;2275;16;281600;56173443;28092668
35328;2.3180000782;64956;2161;38;282624;56397258;28230121
35456;2.6190001965;68712;4873;37;283648;56621143;28365310
35584;2.3330001831;65625;2337;15;284672;56845099;28502762
35712;2.3480000496;66211;2346;14;285696;57069125;28640234
35840;2.3700001240;66356;2189;78;286720;57293220;28779991
35968;2.4840002060;66467;2957;13;287744;57517386;28915199
36096;2.3770000935;67026;2306;26;288768;57741621;29052651
36224;2.3900001049;67498;2685;22;289792;57965925;29190124
36352;2.4450001717;68606;3012;116;290816;58190298;29329881
36480;2.4270000458;68446;2591;20;291840;58414739;29467373
36608;2.4200000763;67959;2658;20;292864;58639249;29607130
36736;2.4270000458;68207;2414;16;293888;58863828;29746906
36864;2.5370001793;70548;3513;94;294912;59088474;29888979
36992;2.4410002232;68528;2339;21;295936;59313188;30021907
37120;2.4590001106;69094;2459;16;296960;59537970;30157056
37248;2.4700000286;69616;2407;23;297984;59762819;30292224
37376;2.5680000782;72385;4048;58;299008;59987735;30429678
37504;2.4990000725;70408;2827;17;300032;60212718;30564866
37632;2.5240001678;70527;2772;14;301056;60437767;30702319
37760;2.5290000439;70627;2759;29;302080;60662883;30839791
37888;2.7020001411;74233;4378;56;303104;60888065;30979549
38016;2.5490000248;71877;2559;19;304128;61113313;31114755
38144;2.5540001392;71746;2548;23;305152;61338626;31252207
38272;2.5630002022;72179;2385;34;306176;61564005;31389679
38400;2.6510000229;74724;3911;148;307200;61789449;31529437
38528;2.6220002174;72766;3128;15;308224;62014959;31666929
38656;2.6030001640;73035;2882;18;309248;62240533;31806686
38784;2.6170001030;73337;2624;29;310272;62466172;31946462
38912;2.6490001678;73885;2890;77;311296;62691875;32088522
39040;2.8400001526;74615;3887;22;312320;62917642;32223751
39168;2.7600002289;74930;4103;18;313344;63143473;32361202
39296;4.2920002937;74319;2747;59;314368;63369368;32498674
39424;4.3350000381;74410;2713;72;315392;63595327;32638431
39552;4.8710002899;75404;3317;85;316416;63821349;32775924
39680;2.6850001812;75442;2753;20;317440;64047434;32915679
39808;2.7360000610;75628;2976;14;318464;64273582;33055455
39936;2.7110002041;75967;2714;21;319488;64499793;33197516
40064;2.7370002270;76995;2830;74;320512;64726066;33335028
40192;2.7290000916;76447;2837;84;321536;64952402;33474784
40320;2.7430000305;77507;3006;45;322560;65178800;33614561
40448;2.7570002079;77291;2645;35;323584;65405259;33756622
40576;2.7650001049;78356;2912;44;324608;65631781;33896418
40704;2.7850000858;78074;3035;26;325632;65858364;34038479
40832;2.7890000343;78742;3187;19;326656;66085008;34180559
40960;2.7950000763;78530;3355;17;327680;66311714;34324924
41088;2.8170001507;78641;2811;21;328704;66538481;34457884
41216;2.8380000591;78987;3062;22;329728;66765308;34593033
41344;2.8410000801;79609;3117;39;330752;66992196;34728201
41472;2.8570001125;79860;3157;94;331776;67219144;34865654
41600;2.9010000229;80020;3035;86;332800;67446153;35000842
41728;2.8810000420;80479;3237;115;333824;67673221;35138295
41856;2.8960001469;80709;2982;100;334848;67900350;35275767
41984;2.9090001583;80921;3255;83;335872;68127538;35415524
42112;2.9240000248;81040;3103;34;336896;68354785;35550731
42240;2.9400000572;81578;3155;30;337920;68582092;35688184
42368;2.9430000782;81736;3308;23;338944;68809458;35825656
42496;2.9590001106;82356;3215;21;339968;69036883;35965413
42624;2.9640002251;82919;3372;13;340992;69264367;36102905
42752;2.9750001431;82509;3432;18;342016;69491909;36242662
42880;3.0460002422;82973;2891;25;343040;69719510;36382437
43008;5.5290002823;83160;3486;103;344064;69947169;36524499
43136;3.0110001564;83809;2999;37;345088;70174886;36659725
43264;3.0250000954;83788;3188;47;346112;70402661;36797178
43392;3.0190000534;84129;3142;40;347136;70630494;36934649
43520;3.0450000763;84510;3063;27;348160;70858384;37074407
43648;3.2660002708;85178;2913;22;349184;71086332;37211898
43776;3.0590002537;84849;3363;22;350208;71314337;37351656
43904;3.5850002766;85309;3212;20;351232;71542399;37491432
44032;3.0890002251;85832;3274;31;352256;71770518;37633493
44160;3.7750000954;86290;3302;58;353280;71998693;37771004
44288;3.0980000496;85714;3221;59;354304;72226925;37910773
44416;3.1120002270;86496;3160;27;355328;72455214;38050537
44544;3.1290001869;86581;3264;19;356352;72683559;38192598
44672;3.1250002384;86722;3474;21;357376;72911959;38332394
44800;3.1550002098;87479;3320;34;358400;73140416;38474455
44928;3.1420001984;87049;3170;108;359424;73368928;38616534
45056;3.1460001469;87606;3138;69;360448;73597497;38760899
45184;3.1720001698;87976;3115;29;361472;73826120;38896145
45312;3.1840002537;87422;3584;51;362496;74054799;39033598
45440;3.2090001106;88467;3450;39;363520;74283533;39171070
45568;3.4530000687;88487;3178;23;364544;74512321;39310827
45696;3.2220001221;88730;3300;17;365568;74741165;39448319
45824;3.6470000744;88643;3469;18;366592;74970063;39588076
45952;3.2500002384;89251;3424;24;367616;75199016;39727852
46080;4.3350000381;89477;3388;40;368640;75428023;39869913
46208;4.4960002899;90099;3343;93;369664;75657085;40007424
46336;3.2770001888;90596;3399;68;370688;75886200;40147181
46464;3.2940001488;90691;3510;12;371712;76115369;40286957
46592;3.3080000877;90892;3388;20;372736;76344592;40429018
46720;5.8970003128;91588;3611;36;373760;76573869;40568814
46848;3.3240001202;91112;3871;120;374784;76803199;40710875
46976;3.3320002556;91399;3113;64;375808;77032583;40852955
47104;3.3550002575;92301;3546;39;376832;77262019;40997320
47232;3.3600001335;92579;3623;25;377856;77491509;41134850
47360;4.8640003204;92478;3654;93;378880;77721051;41274607
47488;4.0199999809;92755;3693;31;379904;77950646;41414383
47616;3.4040000439;93111;3713;150;380928;78180294;41556444
47744;3.4050002098;93895;3512;113;381952;78409995;41696240
47872;3.3970000744;93620;3563;68;382976;78639747;41838300
48000;3.4160001278;94330;3981;57;384000;78869552;41980381
48128;3.8600001335;94616;3641;28;385024;79099409;42124746
48256;3.4260001183;95143;3335;17;386048;79329317;42264560
48384;4.4650001526;95215;3609;17;387072;79559278;42406622
48512;4.7540001869;95595;3804;74;388096;79789290;42548702
48640;3.4580001831;95385;3266;80;389120;80019353;42693067
48768;3.4760000706;96197;3781;20;390144;80249468;42835167
48896;4.1390004158;96459;3766;27;391168;80479634;42979532
49024;3.9540002346;96113;3846;54;392192;80709851;43123916
49152;3.7560002804;95239;3747;160;393216;80940120;43270585
49280;3.5110001564;96434;3698;23;394240;81170439;43341356
49408;3.8280000687;97727;3886;23;395264;81400808;43414297
49536;3.5820002556;98670;3756;51;396288;81631228;43487256
49664;3.6220002174;98057;3938;101;397312;81861699;43562503
49792;3.7170002460;98139;3984;93;398336;82092220;43635483
49920;3.5920002460;98247;3468;28;399360;82322791;43710727
50048;4.9590001106;99406;4877;51;400384;82553412;43785992
50176;3.6040000916;99203;3894;158;401408;82784083;43863540
50304;3.5820002556;99164;3707;65;402432;83014804;43936539
50432;5.4640002251;100016;3962;43;403456;83245574;44011785
50560;3.5890002251;99898;3480;20;404480;83476394;44087047
50688;3.6260001659;99549;3701;34;405504;83707263;44164597
50816;3.8690001965;100114;3552;53;406528;83938182;44239881
50944;3.6110000610;100481;3492;24;407552;84169149;44317430
51072;3.9780001640;101334;3544;14;408576;84400166;44394998
51200;3.6440002918;101430;4242;18;409600;84631232;44474851
51328;4.7770004272;102519;4713;32;410624;84862346;44547872
51456;5.1270003319;102732;4467;217;411648;85093509;44623114
51584;3.6770002842;102858;4048;118;412672;85324721;44698378
51712;4.4730000496;102519;3613;20;413696;85555981;44775927
51840;3.6660001278;102609;4000;10;414720;85787289;44851211
51968;3.7070002556;103166;3871;16;415744;86018646;44928760
52096;3.6810002327;103426;3532;22;416768;86250050;45006327
52224;3.7020001411;103745;4086;58;417792;86481503;45086181
52352;3.6980001926;103832;3669;90;418816;86713003;45161484
52480;3.7000002861;104595;3660;163;419840;86944551;45239033
52608;3.7350001335;105090;3975;107;420864;87176147;45316601
52736;3.7220001221;104471;3993;24;421888;87407790;45396454
52864;3.9070003033;106040;4610;91;422912;87639481;45474044
52992;4.0490002632;105776;3661;124;423936;87871218;45553895
53120;3.7270002365;105831;3925;95;424960;88103003;45633767
53248;3.8700001240;106578;4282;31;425984;88334835;45715926
53376;3.7400002480;106541;3926;132;427008;88566714;45788961
53504;3.7540001869;106467;3726;74;428032;88798639;45864206
53632;3.7670001984;107028;3763;49;429056;89030612;45939470
53760;3.7630002499;106626;4195;44;430080;89262630;46017019
53888;3.9280002117;107907;4489;82;431104;89494696;46092305
54016;4.1620001793;107072;3709;150;432128;89726807;46169852
54144;4.0620002747;107914;4248;110;433152;89958965;46247420
54272;4.9200000763;108427;3947;62;434176;90191169;46327273
54400;3.9630002975;109396;4749;40;435200;90423419;46402579
54528;3.8070001602;108979;4058;117;436224;90655715;46480125
54656;3.8200001717;109304;3615;108;437248;90888057;46557693
54784;4.6980004311;110110;4096;69;438272;91120444;46637546
54912;3.8320002556;110626;4309;47;439296;91352877;46715134
55040;3.8300001621;109919;3949;110;440320;91585356;46794987
55168;4.4470000267;111090;3948;103;441344;91817879;46874859
55296;4.8220000267;111009;4259;20;442368;92050449;46957016
55424;4.0120000839;111498;4862;27;443392;92283063;47032340
55552;3.8450002670;111289;3746;115;444416;92515722;47109887
55680;3.8500001431;111775;4234;23;445440;92748427;47187455
55808;3.8870000839;112323;4273;55;446464;92981176;47267308
55936;3.8670001030;112086;4234;44;447488;93213970;47344896
56064;3.8680002689;112616;3902;61;448512;93446808;47424749
56192;3.8720002174;112772;4347;54;449536;93679691;47504621
56320;3.9310002327;113806;4902;60;450560;93912619;47586778
56448;3.8810002804;113528;4431;112;451584;94145591;47664385
56576;3.9390001297;115119;4748;44;452608;94378607;47744238
56704;3.8940002918;114684;4470;140;453632;94611667;47824110
56832;6.3880004883;114851;4365;233;454656;94844772;47906266
56960;3.8940002918;115248;4372;20;455680;95077920;47986159
57088;3.9050002098;115004;4208;14;456704;95311112;48068316
57216;3.9680001736;116119;4821;94;457728;95544348;48150492
57344;3.9180002213;115777;4438;122;458752;95777627;48234953
57472;3.9220001698;115060;4302;118;459776;96010951;48308009
57600;3.9360001087;116275;4186;82;460800;96244317;48383254
57728;5.0910000801;116818;4989;18;461824;96477727;48458517
57856;3.9500002861;117529;4222;86;462848;96711180;48536067
57984;3.9570002556;116839;4435;67;463872;96944677;48611351
58112;3.9740002155;117908;4530;29;464896;97178216;48688900
58240;3.9690001011;117972;4323;13;465920;97411798;48766468
58368;4.3870000839;118222;4484;77;466944;97645424;48846321
58496;3.9880001545;118555;4450;80;467968;97879092;48921624
58624;4.9760003090;120236;5329;45;468992;98112802;48999176
58752;4.5550003052;119558;4581;155;470016;98346556;49076741
58880;4.0110001564;118933;4391;88;471040;98580352;49156594
59008;4.0110001564;119481;4509;15;472064;98814190;49234182
59136;4.4190001488;119948;5191;60;473088;99048071;49314037
59264;4.0360002518;120318;4497;82;474112;99281993;49393907
59392;4.3250002861;120451;4602;20;475136;99515958;49476064
59520;4.0989999771;122173;5020;39;476160;99749965;49551386
59648;4.0480003357;120923;4435;124;477184;99984014;49628935
59776;4.0550003052;121308;4717;70;478208;100218105;49706503
59904;4.0670003891;121862;4584;34;479232;100452238;49786356
60032;4.0750002861;122489;4428;17;480256;100686412;49863944
60160;4.0670003891;121980;4699;16;481280;100920628;49943797
60288;4.4470000267;123239;4646;87;482304;101154886;50023669
60416;4.1010003090;122778;4579;78;483328;101389185;50105826
60544;5.1470003128;124352;5576;57;484352;101623525;50183433
60672;4.1020002365;123781;4683;129;485376;101857906;50263286
60800;4.1030001640;124822;4868;62;486400;102092329;50343158
60928;4.1060004234;124394;4390;22;487424;102326793;50425315
61056;4.1050000191;124843;4729;86;488448;102561297;50505207
61184;4.1210002899;124966;4930;52;489472;102795843;50587364
61312;5.1120004654;124987;4981;33;490496;103030430;50669541
61440;4.1189999580;125290;4567;20;491520;103265057;50754001
61568;4.1420001984;126371;4875;19;492544;103499725;50829342
61696;4.1250000000;126044;4789;17;493568;103734433;50906891
61824;4.1370000839;125780;4783;18;494592;103969182;50984459
61952;4.1449999809;126460;4785;14;495616;104203971;51064312
62080;4.3200001717;127141;5577;44;496640;104438801;51141902
62208;4.1750001907;126526;4789;124;497664;104673670;51221753
62336;4.2750000954;127900;5435;28;498688;104908580;51301626
62464;4.3460001945;127523;5280;17;499712;105143530;51383783
62592;4.1990003586;128099;4344;15;500736;105378520;51461390
62720;4.2020001411;128508;5031;24;501760;105613550;51541242
62848;4.3020000458;130048;5869;53;502784;105848620;51621114
62976;4.2720003128;130393;4962;26;503808;106083730;51703271
63104;4.2510004044;130010;5253;17;504832;106318879;51783163
63232;4.2280001640;129830;4898;87;505856;106554067;51865320
63360;9.2430000305;131471;5595;234;506880;106789296;51947497
63488;4.2350001335;130972;4977;65;507904;107024563;52031957
63616;4.2920002937;130574;5175;42;508928;107259870;52109584
63744;4.2520003319;130673;5057;93;509952;107495217;52189436
63872;4.2540001869;130787;5221;112;510976;107730602;52269308
64000;4.2660002708;130888;4774;51;512000;107966026;52351465
64128;5.3060002327;131662;5821;47;513024;108201490;52431359
64256;4.3040003777;132078;5143;166;514048;108436992;52513514
64384;4.2750000954;132318;4922;25;515072;108672534;52595691
64512;4.3530001640;134183;5698;51;516096;108908114;52680151
64640;4.2930002213;133573;4947;114;517120;109143733;52760063
64768;4.2880001068;133353;4937;24;518144;109379390;52842219
64896;4.4610004425;134138;5994;94;519168;109615086;52924397
65024;4.3090000153;133962;4928;159;520192;109850821;53008856
65152;4.7000002861;134077;4975;160;521216;110086594;53091052
65280;5.3170003891;134307;5486;85;522240;110322405;53175513
65408;4.8710002899;133580;5034;209;523264;110558255;53259993
65536;4.3120002747;133581;4852;84;524288;110794142;53346758
65664;4.8520002365;134826;5689;30;525312;111030068;53480820
65792;5.2690000534;136219;4692;175;526336;111266032;53616991
65920;4.3690004349;136308;5036;115;527360;111502034;53753183
66048;4.3770003319;137139;5012;23;528384;111738074;53891660
66176;4.3890004158;136783;4910;79;529408;111974151;54027872
66304;4.4060001373;137647;5394;92;530432;112210266;54166349
66432;4.4279999733;138416;5329;18;531456;112446419;54304845
66560;4.4440002441;138742;5390;107;532480;112682610;54445627
66688;4.4539999962;138782;4956;58;533504;112918838;54581857
66816;4.5240001678;140200;5967;23;534528;113155103;54720334
66944;5.2440004349;140049;5260;110;535552;113391406;54858832
67072;4.4880003929;140272;5356;113;536576;113627747;54999611
67200;4.6590003967;139989;5830;81;537600;113864124;55138129
67328;4.5050001144;140336;5399;218;538624;114100539;55278908
67456;4.9620003700;141276;5193;121;539648;114336990;55419709
67584;5.4820003510;142375;5729;54;540672;114573479;55562793
67712;5.2830004692;141528;5809;219;541696;114810005;55699044
67840;4.5650000572;141915;4932;54;542720;115046567;55837520
67968;4.7120003700;143374;6079;39;543744;115283167;55976018
68096;4.5950002670;142962;5530;144;544768;115519803;56116798
68224;4.5980000496;143336;5273;33;545792;115756476;56255314
68352;4.6190004349;143268;5099;102;546816;115993185;56396094
68480;4.6140003204;143918;5362;113;547840;116229931;56536894
68608;4.6440000534;144238;5307;17;548864;116466713;56679978
68736;4.6630001068;144522;5824;19;549888;116703532;56818515
68864;5.8310003281;146409;6510;99;550912;116940387;56959296
68992;4.7120003700;145995;5935;177;551936;117177279;57100096
69120;4.6830000877;145072;5704;139;552960;117414206;57243181
69248;4.7020001411;146385;5566;22;553984;117651170;57384000
69376;9.7590007782;147051;5928;328;555008;117888170;57527088
69504;5.8640003204;145513;5675;60;556032;118125206;57670190
69632;4.8530001640;146697;5878;59;557056;118362277;57815580
69760;4.7440004349;146236;6088;188;558080;118599385;57951848
69888;5.1550002098;146598;5501;56;559104;118836529;58090325
70016;4.7860002518;147096;5469;100;560128;119073708;58228819
70144;4.7630000114;147813;5343;145;561152;119310923;58369601
70272;4.7750000954;147690;5586;165;562176;119548173;58508118
70400;4.9750003815;148925;6250;38;563200;119785459;58648901
70528;4.8000001907;148752;5650;229;564224;120022780;58789698
70656;4.8320002556;149026;5595;112;565248;120260137;58932784
70784;5.1380000114;150362;6528;49;566272;120497529;59071321
70912;4.8340001106;149456;5647;192;567296;120734957;59212099
71040;4.8500003815;150019;5708;119;568320;120972420;59352899
71168;4.8590002060;150147;5476;147;569344;121209918;59495984
71296;4.8600001335;150290;5982;34;570368;121447451;59636805
71424;4.9420003891;152390;6095;74;571392;121685019;59779889
71552;4.8870000839;151679;5950;218;572416;121922621;59922992
71680;4.8970003128;151820;5890;174;573440;122160259;60068382
71808;5.0930004120;152037;6553;119;574464;122397932;60206939
71936;4.9290003777;152102;6006;107;575488;122635640;60347718
72064;5.1050000191;152264;6116;74;576512;122873382;60488520
72192;5.1250004768;153710;6153;147;577536;123111159;60631605
72320;5.1470003128;154302;6150;139;578560;123348970;60772425
72448;4.9890003204;153637;6133;211;579584;123586816;60915507
72576;4.9740004539;153901;5746;212;580608;123824697;61058611
72704;4.9850001335;155229;5328;174;581632;124062611;61203999
72832;5.0290002823;155023;5814;214;582656;124300561;61344840
72960;5.9270000458;154972;5556;117;583680;124538544;61487924
73088;5.0110001564;155867;5935;89;584704;124776562;61631029
73216;5.0060000420;155101;5829;49;585728;125014614;61776417
73344;5.0530004501;155388;6255;40;586752;125252700;61919542
73472;6.0110001564;155267;6578;62;587776;125490820;62064933
73600;5.2280001640;156809;5659;169;588800;125728974;62210341
73728;5.5210003853;156707;6199;202;589824;125967162;62358032
73856;5.2330002785;157844;6514;81;590848;126205384;62494322
73984;5.0710000992;156079;5532;197;591872;126443640;62632796
74112;5.1150002480;157687;6367;266;592896;126681929;62771293
74240;5.1340003014;157711;5382;115;593920;126920252;62912073
74368;5.1110000610;158595;6008;17;594944;127158609;63050589
74496;5.3280000687;158171;7253;27;595968;127397000;63191374
74624;5.3230004311;159082;6443;77;596992;127635424;63332173
74752;5.1670002937;159007;5739;253;598016;127873881;63475255
74880;5.1700000763;160022;6051;24;599040;128112372;63613790
75008;5.8690004349;161204;6572;92;600064;128350896;63754572
75136;5.2000002861;160282;5783;104;601088;128589453;63895370
75264;5.7970004082;161925;6686;70;602112;128828044;64038463
75392;5.2290000916;160834;5805;251;603136;129066668;64179276
75520;9.4320001602;162048;6581;882;604160;129305325;64322362
75648;5.2450003624;162711;6592;24;605184;129544015;64465466
75776;5.2620000839;161494;6004;32;606208;129782738;64610854
75904;5.2880001068;162956;6482;94;607232;130021494;64749409
76032;5.4420003891;162681;6575;103;608256;130260283;64890192
76160;5.8210000992;163197;6138;241;609280;130499105;65030990
76288;5.3180003166;163446;6009;172;610304;130737960;65174074
76416;5.3260002136;164529;6257;49;611328;130976847;65314895
76544;5.3260002136;163507;6210;160;612352;131215767;65457978
76672;5.3430004120;164097;6282;147;613376;131454720;65601084
76800;5.4140000343;166338;6267;93;614400;131693705;65746472
76928;5.3760004044;164843;6603;143;615424;131932723;65887312
77056;5.8880004883;166829;6966;56;616448;132171773;66030397
77184;5.3910002708;165725;6181;207;617472;132410855;66173500
77312;5.8870000839;166328;6319;124;618496;132649970;66318890
77440;5.4330000877;166724;6496;17;619520;132889118;66462013
77568;5.4800004959;168063;7238;214;620544;133128297;66607403
77696;5.4180002213;166734;6006;109;621568;133367509;66752810
77824;5.5030002594;168131;6834;157;622592;133606753;66900503
77952;5.4800004959;167674;6272;162;623616;133846029;67039077
78080;5.5350003242;169300;6412;135;624640;134085337;67179857
78208;5.4840002060;168037;6368;115;625664;134324677;67320658
78336;5.5540003777;169795;6728;83;626688;134564049;67463742
78464;5.5100002289;169138;6368;173;627712;134803453;67604563
78592;5.5080003738;168887;6481;27;628736;135042888;67747647
78720;5.6110000610;171326;6595;72;629760;135282356;67890752
78848;5.5300002098;169509;6196;317;630784;135521855;68036140
78976;5.6300001144;171242;7223;119;631808;135761386;68176980
79104;5.5540003777;170949;6190;178;632832;136000948;68320064
79232;5.6330003738;172830;7264;99;633856;136240542;68463169
79360;5.6010003090;171476;6303;210;634880;136480168;68608558
79488;5.5890002251;171897;6404;69;635904;136719825;68751681
79616;5.6720004082;173696;6899;72;636928;136959513;68897071
79744;5.7490000725;172540;6588;216;637952;137199233;69042479
79872;5.6710004807;173791;6651;77;638976;137438984;69190171
80000;5.6310000420;173250;6545;181;640000;137678766;69331030
80128;5.7060003281;175399;7145;90;641024;137918580;69474115
80256;5.6470003128;173638;6295;230;642048;138158425;69617219
80384;5.7400002480;175465;6601;87;643072;138398301;69762608
80512;5.7330002785;174417;6373;208;644096;138638208;69905738
80640;5.6740002632;175206;6567;117;645120;138878146;70051121
80768;5.7650003433;176617;7016;71;646144;139118115;70196529
80896;5.7130002975;175521;6347;228;647168;139358114;70344221
81024;10.6980009079;176823;6498;304;648192;139598145;70487365
81152;5.7320003510;176299;6476;43;649216;139838207;70632753
81280;5.7420001030;176750;6100;140;650240;140078299;70778161
81408;5.7500004768;176498;6337;69;651264;140318422;70925854
81536;5.7670001984;177644;6481;15;652288;140558576;71071283
81664;5.9590001106;178466;7286;120;653312;140798760;71218979
81792;5.9710001945;177974;7067;172;654336;141038975;71366689
81920;5.7940001488;177291;6812;311;655360;141279221;71516685
82048;5.7940001488;177591;6492;56;656384;141519497;71652991
82176;5.8070001602;178381;6365;124;657408;141759803;71791468
82304;6.2450003624;178709;6259;131;658432;142000140;71929964
82432;5.9170002937;180485;7335;149;659456;142240507;72070746
82560;5.8670001030;179120;6851;271;660480;142480905;72209262
82688;5.8740000725;180164;6443;216;661504;142721333;72350042
82816;5.8870000839;179681;6463;215;662528;142961790;72490842
82944;6.0920004845;181192;7299;107;663552;143202279;72633931
83072;5.8950004578;180602;6332;126;664576;143442797;72772462
83200;5.9650001526;180912;6935;17;665600;143683345;72913244
83328;6.0120000839;182921;8013;66;666624;143923923;73054044
83456;5.9580001831;181576;6215;301;667648;144164532;73197128
83584;5.9550004005;182103;6414;99;668672;144405170;73337948
83712;6.1710004807;183034;7955;69;669696;144645838;73481036
83840;5.9850001335;183985;6835;155;670720;144886536;73624138
83968;6.1930003166;183849;7466;70;671744;145127263;73769530
84096;6.0020003319;183212;6376;140;672768;145368021;73908080
84224;6.5580000877;184654;7714;63;673792;145608808;74048863
84352;6.0370001793;183604;6777;275;674816;145849625;74189662
84480;6.0520005226;183759;6621;115;675840;146090471;74332746
84608;6.0580000877;184659;6491;28;676864;146331347;74473566
84736;6.2800002098;185453;7914;117;677888;146572253;74616652
84864;6.6980004311;184852;7153;249;678912;146813188;74759756
84992;6.1660003662;186504;7520;76;679936;147054152;74905144
85120;6.8230004311;186709;8286;368;680960;147295146;75045987
85248;6.1150002480;186674;6875;66;681984;147536169;75189068
85376;6.3410000801;189755;7676;119;683008;147777221;75332172
85504;6.1340003014;187064;6426;305;684032;148018303;75477561
85632;6.3570003510;190118;8132;125;685056;148259414;75620687
85760;6.1620001793;188136;6319;240;686080;148500554;75766075
85888;6.3570003510;190657;7818;132;687104;148741723;75911482
86016;6.5680003166;188272;6832;278;688128;148982921;76059175
86144;6.2060003281;188415;6993;183;689152;149224148;76197749
86272;6.2140002251;188609;7275;245;690176;149465405;76338529
86400;6.2140002251;189606;7215;90;691200;149706690;76479329
86528;6.2230005264;188922;6745;172;692224;149948004;76622414
86656;6.7540001869;190075;6981;136;693248;150189347;76763235
86784;11.1410007477;189644;7442;855;694272;150430719;76906320
86912;6.2750000954;190589;7363;56;695296;150672119;77049425
87040;6.6870002747;190251;6658;52;696320;150913549;77194813
87168;6.3120002747;191475;6757;112;697344;151155007;77335651
87296;6.3230004311;191711;7759;198;698368;151396493;77478737
87424;6.3460001945;191820;6899;57;699392;151638009;77621841
87552;6.3160004616;191752;6987;143;700416;151879552;77767230
87680;6.3350005150;192399;7318;126;701440;152121125;77910354
87808;6.9450001717;195665;8525;131;702464;152362726;78055747
87936;6.3690004349;193358;6720;74;703488;152604355;78201150
88064;6.8720002174;192829;6907;169;704512;152846013;78348843
88192;6.3730001450;193871;6600;83;705536;153087699;78489701
88320;6.9060001373;194005;6689;94;706560;153329413;78632786
88448;6.4120001793;194129;6781;326;707584;153571156;78775890
88576;6.4100003242;193846;6699;152;708608;153812927;78921279
88704;6.4050002098;194683;6794;49;709632;154054726;79064403
88832;6.4200000763;194693;7198;108;710656;154296553;79209792
88960;6.5080003738;196007;7037;231;711680;154538408;79355201
89088;6.4460000992;195590;7218;101;712704;154780292;79502894
89216;6.4440002441;196236;6532;170;713728;155022203;79646036
89344;6.4500002861;196056;6788;108;714752;155264143;79791425
89472;6.4600005150;196702;7311;253;715776;155506110;79936833
89600;6.4910001755;196879;7255;114;716800;155748105;80084527
89728;6.5130004883;197658;7527;304;717824;155990129;80229955
89856;6.5070004463;198406;7062;106;718848;156232180;80377648
89984;6.5810003281;198084;7077;192;719872;156474259;80525360
90112;6.7830004692;206425;10810;207;720896;156716365;80675357
90240;6.5660004616;198262;7115;304;721920;156958499;80813949
90368;6.5470004082;199014;6838;130;722944;157200661;80954729
90496;6.5510001183;198801;7042;99;723968;157442851;81095529
90624;6.7830004692;198928;6840;189;724992;157685068;81238615
90752;6.9490003586;198825;7492;110;726016;157927313;81379434
90880;6.6040000916;198999;6434;153;727040;158169585;81522519
91008;6.6350002289;199389;7352;140;728064;158411885;81665629
91136;6.6180005074;200378;6976;129;729088;158654212;81811012
91264;7.1250004768;200654;7435;207;730112;158896567;81951852
91392;6.6650004387;200856;7343;274;731136;159138949;82094937
91520;6.6650004387;201103;7621;241;732160;159381358;82238041
91648;6.6680002213;200511;7200;132;733184;159623795;82383429
91776;6.6820001602;203089;7452;243;734208;159866259;82526553
91904;6.9680004120;208192;11137;237;735232;160108750;82671942
92032;11.4720001221;205407;8368;611;736256;160351268;82817354
92160;7.0050001144;202367;7433;48;737280;160593814;82965044
92288;6.7370004654;202888;7294;134;738304;160836386;83105901
92416;6.7390003204;203195;7615;132;739328;161078986;83248986
92544;6.7520003319;203959;6789;151;740352;161321612;83392091
92672;7.0620002747;204469;7141;201;741376;161564266;83537480
92800;6.7770004272;204022;7459;98;742400;161806946;83680603
92928;7.3930001259;204703;7224;184;743424;162049654;83825993
93056;6.8020005226;205311;7621;96;744448;162292388;83971401
93184;6.8150005341;205304;7764;167;745472;162535149;84119094
93312;6.8160004616;206273;7259;95;746496;162777937;84262237
93440;6.8360004425;206040;7554;90;747520;163020752;84407626
93568;6.8450002670;206990;7609;165;748544;163263593;84553034
93696;6.8550004959;206350;7455;151;749568;163506461;84700727
93824;6.8810005188;207503;7874;170;750592;163749356;84846156
93952;6.9020004272;208085;7841;239;751616;163992278;84993847
94080;6.8960003853;208312;7456;267;752640;164235226;85141560
94208;6.9070005417;207494;7195;108;753664;164478200;85291557
94336;6.9190001488;208205;7351;197;754688;164721201;85432433
94464;7.1120004654;211150;9731;55;755712;164964229;85575519
94592;6.9360003471;209172;7184;311;756736;165207283;85718622
94720;6.9550004005;208562;6969;83;757760;165450363;85864011
94848;7.4570002556;210343;8020;181;758784;165693470;86007135
94976;6.9690003395;209800;7527;91;759808;165936603;86152525
95104;7.0320005417;149595;6769;96;760832;166179762;83142133
95232;6.9760003090;209912;7119;32;761856;166422948;86445625
95360;7.5890002251;213193;8932;40;762880;166666160;86588768
95488;7.0120005608;211248;6962;58;763904;166909398;86734158
95616;7.0910005569;211930;8051;109;764928;167152662;86879566
95744;7.3200001717;211512;7699;52;765952;167395952;87027262
95872;7.6450004578;214646;10029;141;766976;167639269;87172692
96000;7.0660004616;211635;7848;362;768000;167882611;87320380
96128;7.0610003471;212593;7312;131;769024;168125979;87468091
96256;8.0860004425;217679;9771;157;770048;168369374;87618094
96384;7.1180005074;214445;7556;309;771072;168612794;87761251
96512;7.1150002480;214248;7678;202;772096;168856241;87906640
96640;7.6330003738;215162;9381;98;773120;169099713;88052053
96768;7.7040004730;215889;9081;306;774144;169343211;88199746
96896;7.1180005074;215887;7733;239;775168;169586735;88345169
97024;7.4380002022;215105;8600;53;776192;169830284;88492864
97152;7.7090005875;216613;9306;138;777216;170073860;88640579
97280;7.1800003052;216378;8013;245;778240;170317461;88790571
97408;7.3380002975;218910;8544;109;779264;170561087;88936017
97536;7.1680002213;216221;8190;397;780288;170804740;89083711
97664;7.1930003166;216642;8054;245;781312;171048418;89231423
97792;7.4050002098;219425;8935;108;782336;171292121;89381419
97920;7.4780001640;218203;7538;332;783360;171535850;89529151
98048;7.4180002213;219666;8833;87;784384;171779605;89679149
98176;7.2390003204;217510;8256;316;785408;172023385;89829164
98304;7.7680006027;219763;9031;139;786432;172267191;89981466
98432;7.2590003014;217547;8190;327;787456;172511022;90055585
98560;7.7410001755;219827;9399;111;788480;172754878;90131858
98688;7.3260002136;219681;7992;136;789504;172998759;90208141
98816;7.2970004082;219206;7990;217;790528;173242666;90286714
98944;7.5410003662;222856;8817;136;791552;173486599;90363021
99072;7.6770005226;220175;8570;147;792576;173730556;90441598
99200;7.4090003967;223014;8373;138;793600;173974539;90520187
99328;7.3200001717;220793;7670;135;794624;174218547;90601064
99456;7.5740003586;224542;9624;157;795648;174462580;90677391
99584;7.3290004730;221174;7656;153;796672;174706638;90755964
99712;7.6390004158;225360;9214;146;797696;174950721;90834556
99840;7.6800003052;221464;8058;294;798720;175194829;90915433
99968;7.9810004234;225651;9620;180;799744;175438962;90994045
100096;7.4440002441;222265;8767;242;800768;175683121;91074923
100224;7.3660001755;225870;8152;124;801792;175927304;91155818
100352;7.9540004730;224297;9445;140;802816;176171512;91239003
100480;7.6900005341;224691;7574;259;803840;176415745;91315345
100608;8.4120006561;225327;9595;213;804864;176660003;91393923
100736;7.6380004883;226806;9063;239;805888;176904285;91472510
100864;7.4770002365;225126;9013;401;806912;177148593;91553388
100992;7.7310004234;228811;10242;190;807936;177392925;91631999
101120;7.7010002136;225204;8112;685;808960;177637282;91712875
101248;7.9930005074;229063;8780;143;809984;177881664;91793771
101376;7.8020005226;227234;8811;216;811008;178126070;91876955
101504;7.4650001526;226147;7928;463;812032;178370501;91955584
101632;8.0960006714;227874;9856;134;813056;178614956;92036465
101760;7.8660001755;227446;8174;385;814080;178859436;92117357
101888;7.4680004120;227267;7850;251;815104;179103941;92200538
102016;7.7210001945;231040;9781;133;816128;179348470;92281454
102144;7.5980005264;229477;8088;333;817152;179593024;92364634
102272;12.4340009689;230831;8923;920;818176;179837602;92447836
102400;7.5040001869;227993;7718;49;819200;180082205;92533319
102528;7.8290004730;229640;9118;46;820224;180326832;92609688
102656;7.5880002975;229625;8566;141;821248;180571483;92688259
102784;7.7780003548;233854;9551;156;822272;180816158;92766850
102912;7.5490002632;230675;8863;324;823296;181060858;92847727
103040;7.7250003815;233163;9603;124;824320;181305583;92926339
103168;7.8570003510;234641;9103;320;825344;181550331;93007216
103296;7.5920004845;231253;8254;380;826368;181795104;93088111
103424;8.1940002441;233419;9351;210;827392;182039900;93171299
103552;7.8100004196;234099;9831;207;828416;182284721;93249924
103680;7.6690001488;233021;8692;266;829440;182529567;93330802
103808;7.5980005264;233528;8548;152;830464;182774436;93411697
103936;7.8360004425;235786;10181;166;831488;183019329;93494878
104064;7.9340004921;233878;8608;313;832512;183264246;93575794
104192;7.9950003624;235678;9869;146;833536;183509187;93658975
104320;7.8720002174;233980;9337;238;834560;183754153;93742177
104448;7.6150002480;233424;8317;239;835584;183999142;93827659
104576;7.6440005302;233691;8411;172;836608;184244155;93906310
104704;7.6520004272;236070;8486;288;837632;184489192;93987187
104832;8.1930007935;235277;10174;211;838656;184734253;94068089
104960;7.9070005417;238720;9777;231;839680;184979337;94151264
105088;7.9840002060;235965;9206;224;840704;185224446;94232183
105216;7.6560001373;236340;8643;211;841728;185469578;94315361
105344;7.6750001907;237215;8604;191;842752;185714734;94398561
105472;7.7950005531;237413;9290;288;843776;185959914;94484046
105600;8.2360000610;238312;10332;200;844800;186205117;94564986
105728;7.8540005684;239006;9589;295;845824;186450344;94648162
105856;7.9660005569;241891;10389;196;846848;186695594;94731362
105984;8.2490005493;239687;10194;304;847872;186940869;94816851
106112;7.6980004311;238527;8681;350;848896;187186166;94900067
106240;8.3330001831;239044;10286;174;849920;187431488;94985557
106368;7.8730001450;239989;9245;213;850944;187676832;95071055
106496;7.7300004959;239943;8575;191;851968;187922201;95158845
106624;8.3730001450;240860;10637;257;852992;188167592;95235234
106752;7.7730002403;240144;9454;276;854016;188413008;95313802
106880;7.7460002899;240179;9077;462;855040;188658446;95392394
107008;14.9900007248;241097;9128;505;856064;188903908;95473272
107136;7.7620005608;240922;8279;77;857088;189149393;95551883
107264;7.7970004082;241564;9430;240;858112;189394902;95632760
107392;7.7990002632;242513;9358;216;859136;189640434;95713655
107520;7.7940001488;242046;8716;176;860160;189885989;95796837
107648;7.8070001602;242089;8834;388;861184;190131567;95875468
107776;7.8020005226;243196;9220;128;862208;190377169;95956345
107904;7.8250002861;243205;9070;218;863232;190622793;96037241
108032;7.8580002785;243118;9147;361;864256;190868441;96120422
108160;7.8520002365;242913;8938;138;865280;191114112;96201338
108288;7.8310003281;244536;8982;351;866304;191359806;96284519
108416;7.8440003395;245358;9174;319;867328;191605524;96367719
108544;7.8640003204;244967;9989;169;868352;191851264;96453204
108672;7.8800005913;245080;8610;229;869376;192097027;96531853
108800;7.8770003319;245063;8867;204;870400;192342813;96612731
108928;7.8730001450;245781;9424;225;871424;192588622;96693628
109056;7.8780002594;246805;9176;247;872448;192834454;96776808
109184;7.8800005913;247455;9294;173;873472;193080309;96857724
109312;7.8940005302;244906;8670;361;874496;193326187;96940904
109440;8.2160005569;248246;9161;230;875520;193572088;97024105
109568;8.1940002441;247846;8985;208;876544;193818011;97109590
109696;7.9260005951;248267;9190;214;877568;194063957;97190525
109824;7.9520001411;248361;9427;208;878592;194309926;97273706
109952;7.9850006104;249308;9462;390;879616;194555918;97356906
110080;7.9350004196;247907;9207;189;880640;194801933;97442391
110208;7.9309692383;248969;9656;234;881664;195047970;97525617
110336;7.9340004921;249344;9208;296;882688;195294030;97611096
110464;7.9510002136;251420;8574;161;883712;195540112;97696600
110592;7.9450001717;250094;9110;222;884736;195786217;97784389
110720;8.0430002213;253113;10280;226;885760;196032345;97863058
110848;8.0469999313;252841;9776;398;886784;196278495;97943935
110976;7.9500002861;250130;9493;181;887808;196524668;98024831
111104;8.0460004807;252941;9671;222;888832;196770863;98108010
111232;7.9660005569;250756;9483;457;889856;197017081;98188928
111360;8.0329999924;253431;10317;166;890880;197263321;98272109
111488;8.1090002060;256590;11484;408;891904;197509584;98355309
111616;7.9840002060;251490;8668;467;892928;197755869;98440794
111744;8.0520000458;255900;10528;228;893952;198002177;98521729
111872;8.0080003738;252909;9330;524;894976;198248506;98604910
112000;8.0130004883;253960;9878;197;896000;198494858;98688110
112128;8.1040000916;256208;11000;260;897024;198741233;98773595
112256;8.0090007782;254374;9519;385;898048;198987629;98856815
112384;8.0770006180;257448;10591;197;899072;199234048;98942300
112512;8.0870008469;256158;10388;532;900096;199480490;99027804
112640;8.0370006561;254525;9302;255;901120;199726953;99115593
112768;8.1360006332;258838;11113;250;902144;199973438;99196547
112896;8.0670003891;255432;9479;417;903168;200219946;99279728
113024;8.1230001450;258351;10716;121;904192;200466476;99362928
113152;8.1420001984;259366;10866;558;905216;200713028;99448413
113280;8.0520000458;256659;9593;315;906240;200959602;99531633
113408;8.1210002899;259783;10501;179;907264;201206198;99617118
113536;8.0650005341;258121;9513;418;908288;201452816;99702622
113664;8.1490001678;259810;10573;201;909312;201699456;99790411
113792;8.1460008621;259151;10282;493;910336;201946118;99873650
113920;8.0900001526;258439;9659;256;911360;202192802;99959135
114048;8.2020006180;262092;10575;210;912384;202439507;100044639
114176;8.1370000839;258824;9793;452;913408;202686235;100132428
114304;8.1490001678;261655;11400;156;914432;202932985;100217952
114432;8.1520004272;261710;10581;481;915456;203179756;100305741
114560;8.0900001526;260995;9443;223;916480;203426550;100393549
114688;8.1900005341;263477;11090;209;917504;203673365;100483642
114816;8.1020002365;260247;9236;395;918528;203920202;100560045
114944;8.2100000381;263262;11016;168;919552;204167060;100638618
115072;8.1920003891;263003;10412;528;920576;204413941;100717210
115200;8.1360006332;260864;9959;187;921600;204660843;100798087
115328;8.2270002365;265193;10969;245;922624;204907767;100876700
115456;8.1820001602;263119;10284;372;923648;205154712;100957576
115584;8.2390003204;266292;11347;208;924672;205401679;101038472
115712;8.1880006790;264474;10215;501;925696;205648668;101121653
115840;8.2530002594;265607;10793;319;926720;205895678;101200284
115968;8.3030004501;267672;11472;441;927744;206142710;101281161
116096;8.2010002136;264401;9793;188;928768;206389763;101362057
116224;8.3100004196;267163;10818;224;929792;206636838;101445238
116352;8.2300004959;266525;10288;450;930816;206883934;101526154
116480;8.2980003357;267916;11561;186;931840;207131052;101609335
116608;8.2280006409;267449;9623;464;932864;207378191;101692535
116736;8.2650003433;267112;9554;163;933888;207625352;101778020
116864;8.3610000610;269879;11876;447;934912;207872534;101856670
116992;8.2630004883;266727;9574;293;935936;208119737;101937547
117120;8.3340005875;270134;10638;223;936960;208366962;102018443
117248;8.3260002136;268313;9949;408;937984;208614208;102101625
117376;8.3430004120;271635;11224;262;939008;208861476;102182540
117504;8.3220005035;268537;10434;552;940032;209108764;102265721
117632;8.5870008469;275342;13379;321;941056;209356074;102348921
117760;11.1520004272;269556;9694;1269;942080;209603405;102434407
117888;8.4520006180;270250;10552;120;943104;209850758;102515341
118016;8.3480005264;270517;10753;304;944128;210098131;102598523
118144;8.5750007629;273416;11684;322;945152;210345526;102681723
118272;8.3240003586;268689;9360;353;946176;210592942;102767207
118400;8.4460000992;272082;10966;371;947200;210840379;102850428
118528;8.9430007935;272665;11101;331;948224;211087837;102935917
118656;8.5630006790;274552;10750;278;949248;211335316;103021416
118784;8.3430004120;270864;9535;268;950272;211582816;103109205
118912;9.0040006638;273395;10930;216;951296;211830338;103187879
119040;8.5700006485;273969;11439;276;952320;212077880;103268751
119168;8.7100000381;272919;10881;276;953344;212325443;103349650
119296;8.3800001144;272994;9741;207;954368;212573027;103432828
119424;8.3710002899;271966;9775;195;955392;212820632;103513744
119552;8.4860000610;274953;10829;319;956416;213068258;103596925
119680;9.0760002136;275034;11780;234;957440;213315905;103680129
119808;8.6450004578;277385;10572;353;958464;213563573;103765610
119936;8.7600002289;274463;11203;346;959488;213811261;103846548
120064;8.4140005112;274382;9664;478;960512;214058971;103929726
120192;8.4870004654;275152;10292;273;961536;214306701;104012927
120320;8.6430006027;278031;11646;232;962560;214554452;104098411
120448;9.0290002823;277604;11202;225;963584;214802224;104181635
120576;8.4680004120;275037;10325;403;964608;215050016;104267116
120704;8.6800003052;280289;11654;286;965632;215297830;104352620
120832;9.0659999847;277371;11812;450;966656;215545664;104440414
120960;8.4780006409;277330;10485;307;967680;215793518;104521363
121088;8.4640007019;278214;10613;315;968704;216041393;104604544
121216;8.5420007706;279740;10774;288;969728;216289289;104687744
121344;9.0940008163;279150;10436;372;970752;216537206;104773233
121472;8.6840000153;283056;11901;247;971776;216785143;104856449
121600;8.8530006409;280326;11657;366;972800;217033100;104941937
121728;8.4870004654;278299;9933;494;973824;217281079;105027438
121856;8.4930000305;280119;10344;450;974848;217529077;105115227
121984;8.7460002899;284099;11742;341;975872;217777096;105198466
122112;8.5130004883;280183;10455;421;976896;218025136;105283951
122240;8.6040000916;281803;10986;311;977920;218273196;105369457
122368;13.4990005493;283612;11115;665;978944;218521277;105457245
122496;8.5090007782;281472;10653;118;979968;218769377;105542768
122624;8.5410003662;282036;10596;233;980992;219017499;105630557
122752;8.7140007019;282254;11296;261;982016;219265640;105718365
122880;8.7620000839;286683;11927;317;983040;219513803;105808458
123008;8.8740005493;284497;11211;151;984064;219761985;105887149
123136;8.6310005188;283663;11560;346;985088;220010188;105968024
123264;8.5590000153;284684;10641;313;986112;220258410;106048919
123392;8.9120006561;285003;12212;471;987136;220506654;106132104
123520;9.1730003357;287025;12610;325;988160;220754917;106213020
123648;8.5940008163;284617;10757;569;989184;221003201;106296197
123776;9.3920001984;289795;12991;286;990208;221251505;106379403
123904;8.6070003510;283941;10570;651;991232;221499829;106464882
124032;9.2200002670;288549;12994;279;992256;221748173;106545822
124160;8.6230001450;285772;10390;538;993280;221996537;106628998
124288;9.2940006256;288864;13063;279;994304;222244922;106712203
124416;8.8010005951;286033;11124;497;995328;222493326;106797685
124544;9.3090000153;291968;12922;213;996352;222741751;106880908
124672;8.7209472656;287412;11136;379;997376;222990195;106966395
124800;9.3510007858;292470;12551;260;998400;223238660;107051897
124928;9.0329999924;288795;11595;330;999424;223487145;107139684
125056;9.0110006332;291604;13140;583;1000448;223735650;107220638
125184;9.3760004044;291459;12998;373;1001472;223984174;107303820
125312;8.7239999771;288695;11170;586;1002496;224232719;107387017
125440;9.3489999771;292938;12340;330;1003520;224481283;107472504
125568;8.8290004730;289943;10634;513;1004544;224729868;107555721
125696;9.4070005417;293101;12956;231;1005568;224978472;107641210
125824;8.7220001221;291043;10628;500;1006592;225227097;107726710
125952;9.3740005493;294546;13545;252;1007616;225475741;107814505
126080;8.7190008163;291984;10488;356;1008640;225724404;107897738
126208;9.4450006485;296629;13640;312;1009664;225973088;107983229
126336;9.1170005798;293349;12104;425;1010688;226221792;108068730
126464;9.3250007629;297363;12636;370;1011712;226470515;108156521
126592;9.4150009155;296222;13563;371;1012736;226719258;108242044
126720;8.7780008316;293802;10710;788;1013760;226968021;108329829
126848;9.4540004730;298454;12507;270;1014784;227216803;108417641
126976;8.7880001068;294515;10920;555;1015808;227465605;108507731
127104;9.4500007629;297014;12641;336;1016832;227714427;108588708
127232;8.8100004196;293647;10856;457;1017856;227963269;108671884
127360;11.1930007935;292703;11236;399;1018880;228212130;108755085
127488;9.1050004959;294098;10809;67;1019904;228461010;108840570
127616;9.1170005798;293851;11209;146;1020928;228709911;108923792
127744;8.8740005493;294519;11713;213;1021952;228958831;109009276
127872;9.1410007477;297067;11898;186;1022976;229207770;109094781
128000;8.9100008011;295981;11448;405;1024000;229456729;109182569
