array_size;time_spent(s);PAPI_L1_TCM;PAPI_L2_TCM;PAPI_L3_TCM;DATA_BYTES;NUM_INSTRUCTIONS;PAPI_TOT_INS
2048;0.3240000010;462;209;145;16384;1468006400;763086
2176;0.2730000019;469;207;15;17408;1657241600;803389
2304;0.1350000054;474;186;14;18432;1857945600;874484
2432;0.2040000111;516;190;19;19456;2070118400;899783
2560;0.3020000160;529;214;22;20480;2293760000;938186
2688;0.2040000111;559;230;47;21504;2528870400;1029236
2816;0.1830000132;574;206;25;22528;2775449600;1159238
2944;0.3160000145;586;191;18;23552;3033497600;1127198
3072;0.2939999998;643;193;28;24576;3303014400;1169789
3200;0.4380000234;619;169;18;25600;3584000000;1237181
3328;0.1960000098;655;193;18;26624;3876454400;1271100
3456;0.2050000131;671;244;20;27648;4180377600;1336225
3584;0.5520000458;729;182;16;28672;4495769600;1403493
3712;0.3540000021;733;250;20;29696;4822630400;1432431
3840;0.3410000205;840;206;27;30720;5160960000;1642042
3968;0.2420000136;825;205;23;31744;5510758400;1593748
4096;0.3970000148;1267;255;78;32768;5872025600;1548600
4224;0.4550000131;833;302;173;33792;6244761600;1634379
4352;0.4430000186;1119;323;18;34816;6628966400;1680654
4480;0.3420000076;1101;233;30;35840;7024640000;1798124
4608;0.2780000269;1274;254;25;36864;7431782400;1825546
4736;0.2830000222;1024;221;13;37888;7850393600;1867055
4864;0.2880000174;1394;244;25;38912;8280473600;1886384
4992;0.2960000038;1141;243;25;39936;8722022400;1935167
5120;0.3070000112;1301;208;16;40960;9175040000;2031585
5248;0.3140000105;1251;241;30;41984;9639526400;2069346
5376;0.5509999990;1295;259;29;43008;10115481600;2102669
5504;0.5030000210;1750;320;13;44032;10602905600;2157876
5632;0.5320000052;1371;270;26;45056;11101798400;2239934
5760;0.3420000076;1411;247;26;46080;11612160000;2255503
5888;0.6850000620;2008;319;19;47104;12133990400;2343385
6016;0.5840000510;1812;339;25;48128;12667289600;2471834
6144;0.6100000143;2064;278;25;49152;13212057600;2497051
6272;0.3890000284;2345;262;47;50176;13768294400;2576363
6400;0.3910000324;1901;265;26;51200;14336000000;2594029
6528;0.3890000284;2009;302;82;52224;14915174400;2565749
6656;0.5360000134;2547;345;20;53248;15505817600;2685776
6784;0.5710000396;2935;518;61;54272;16107929600;2725325
6912;0.4170000255;2278;280;27;55296;16721510400;2788502
7040;0.4280000329;1962;296;23;56320;17346560000;2843148
7168;0.7460000515;2000;267;25;57344;17983078400;2924492
7296;0.5560000539;2739;499;20;58368;18631065600;2922913
7424;0.4550000131;2702;302;28;59392;19290521600;3003967
7552;0.4740000367;3304;313;107;60416;19961446400;3149135
7680;0.7730000615;2517;288;35;61440;20643840000;3158154
7808;0.4840000272;3106;350;102;62464;21337702400;3213393
7936;0.4760000110;2590;301;20;63488;22043033600;3154369
8064;0.9740000367;4411;328;68;64512;22759833600;3414302
8192;1.2560000420;4226;587;27;65536;23488102400;3555285
8320;0.8570000529;3926;337;18;66560;24227840000;3515624
8448;0.8650000691;3297;417;19;67584;24979046400;3533434
8576;0.9390000701;3095;306;17;68608;25741721600;3550796
8704;0.7220000625;3294;384;18;69632;26515865600;3605677
8832;0.8330000639;3835;363;28;70656;27301478400;3661042
8960;0.5410000086;3066;346;23;71680;28098560000;3598089
9088;1.1560000181;4226;587;27;72704;28907110400;3823244
9216;0.5670000315;3663;327;109;73728;29727129600;3771119
9344;0.6980000138;4146;355;60;74752;30558617600;3903921
9472;0.6920000315;3967;427;30;75776;31401574400;3857154
9600;0.5840000510;3877;418;60;76800;32256000000;3814025
9728;0.6210000515;4818;341;20;77824;33121894400;4137101
9856;0.6160000563;3716;332;18;78848;33999257600;4092953
9984;1.1940000057;4383;408;27;79872;34888089600;4087218
10112;0.8390000463;3890;363;29;80896;35788390400;4195045
10240;0.9520000219;3911;345;24;81920;36700160000;4181995
10368;0.9820000529;4670;470;48;82944;37623398400;4300966
10496;1.0310000181;4759;358;25;83968;38558105600;4366720
10624;0.6710000038;4060;396;20;84992;39504281600;4471137
10752;0.6980000138;6973;384;20;86016;40461926400;4690314
10880;1.4850000143;4513;356;18;87040;41431040000;4453739
11008;1.0620000362;4071;380;50;88064;42411622400;4499757
11136;0.6910000443;4892;349;32;89088;43403673600;4620324
11264;0.7310000062;5003;411;32;90112;44407193600;4900843
11392;1.4480000734;5353;411;23;91136;45422182400;4843432
11520;1.3860000372;4687;460;30;92160;46448640000;4761601
11648;1.1850000620;6796;396;26;93184;47486566400;5055230
11776;0.7450000644;6153;404;16;94208;48535961600;5002360
11904;0.7500000596;5195;410;24;95232;49596825600;4983722
12032;0.7440000176;5060;401;170;96256;50669158400;4957641
12160;0.8150000572;8519;391;18;97280;51752960000;5512729
12288;0.7590000629;4813;414;25;98304;52848230400;5075181
12416;0.7680000067;5542;458;48;99328;53954969600;5131521
12544;0.7960000634;7325;428;20;100352;55073177600;5343322
12672;0.8080000281;6635;474;67;101376;56202854400;5312753
12800;1.2330000401;5339;398;22;102400;57344000000;5436924
12928;1.2300000191;6114;414;28;103424;58496614400;5428291
13056;0.8320000172;6922;428;21;104448;59660697600;5574356
13184;1.5030000210;7795;416;31;105472;60836249600;5750376
13312;0.8530000448;7697;411;60;106496;62023270400;5721796
13440;1.7160000801;5905;759;22;107520;63221760000;5614230
13568;0.9690000415;6882;429;21;108544;64431718400;5768237
13696;1.0099999905;8103;460;53;109568;65653145600;6023874
13824;0.8850000501;7640;407;27;110592;66886041600;5903654
13952;0.8900000453;7581;444;36;111616;68130406400;5965698
14080;1.4670001268;6639;439;21;112640;69386240000;6027063
14208;1.2380000353;8368;543;21;113664;70653542400;6164660
14336;1.4360001087;7500;432;57;114688;71932313600;6096091
14464;0.9600000381;9550;465;23;115712;73222553600;6444308
14592;0.9250000715;6188;463;37;116736;74524262400;6202996
14720;1.1700000763;6823;442;24;117760;75837440000;6229444
14848;1.6140000820;8370;462;15;118784;77162086400;6382474
14976;1.1870000362;6557;457;23;119808;78498201600;6299497
15104;1.6730000973;8220;781;213;120832;79845785600;6466935
15232;0.9520000219;6868;465;20;121856;81204838400;6343880
15360;1.3060001135;8076;685;27;122880;82575360000;6590927
15488;2.0990002155;12319;1158;19;123904;83957350400;6983335
15616;1.2460000515;11100;744;12;124928;85350809600;6812778
15744;1.5490000248;7545;544;352;125952;86755737600;6583426
15872;2.5160000324;7183;527;191;126976;88172134400;6886244
16000;1.2060000896;8302;733;26;128000;89600000000;6642000
16128;1.0430001020;9645;503;21;129024;91039334400;7008129
16256;1.0540000200;9539;523;33;130048;92490137600;7073986
16384;1.0470000505;9269;509;25;131072;93952409600;7025253
16512;1.0620000362;8872;595;67;132096;95426150400;7101807
16640;1.6340000629;10245;511;65;133120;96911360000;7255701
16768;1.1010000706;9034;566;28;134144;98408038400;7405659
16896;1.1050000191;10427;503;24;135168;99916185600;7440711
17024;1.0910000801;7761;526;22;136192;101435801600;7307892
17152;1.0860000849;9075;527;25;137216;102966886400;7267132
17280;1.1440000534;10503;620;24;138240;104509440000;7656303
17408;1.1550000906;11643;685;19;139264;106063462400;7708665
17536;1.6970000267;10815;499;21;140288;107628953600;7515784
17664;1.2060000896;9002;513;107;141312;109205913600;7524479
17792;2.2380001545;10251;1257;23;142336;110794342400;7761842
17920;1.1680001020;10538;574;26;143360;112394240000;7856203
18048;1.1890000105;10431;708;61;144384;114005606400;7844819
18176;2.4740002155;9737;721;14;145408;115628441600;7607681
18304;1.1960000992;11146;684;17;146432;117262745600;7968434
18432;2.2860000134;10504;505;18;147456;118908518400;7957928
18560;1.4490001202;9897;798;19;148480;120565760000;7850386
18688;1.2610000372;13151;561;17;149504;122234470400;8525378
18816;2.3289999962;11825;684;16;150528;123914649600;8158623
18944;1.1970000267;9481;576;20;151552;125606297600;8017941
19072;1.2220000029;10015;580;17;152576;127309414400;8239326
19200;2.0600001812;12792;1308;19;153600;129024000000;8511666
19328;1.2440000772;9883;649;17;154624;130750054400;8330129
19456;1.8450000286;11432;643;23;155648;132487577600;8416362
19584;1.8030000925;13070;794;20;156672;134236569600;8503003
19712;1.2490000725;10129;606;18;157696;135997030400;8394905
19840;1.2960000038;12873;614;16;158720;137768960000;8733620
19968;1.6920000315;12354;786;14;159744;139552358400;8744327
20096;2.1970000267;13284;795;18;160768;141347225600;9031019
20224;1.2880001068;11093;644;67;161792;143153561600;8629500
20352;2.0950000286;13336;905;20;162816;144971366400;9084587
20480;1.4420000315;11680;796;15;163840;146800640000;8966774
20608;2.0960001945;13173;946;31;164864;148641382400;9165750
20736;1.5720000267;15560;855;15;165888;150493593600;9384398
20864;2.0060000420;10909;817;19;166912;152357273600;8838356
20992;1.6370000839;10553;930;23;167936;154232422400;8824385
21120;2.1040000916;13864;775;21;168960;156119040000;9299470
21248;1.3670001030;12463;620;19;169984;158017126400;9191601
21376;1.4030001163;13559;559;18;171008;159926681600;9419882
21504;2.3820002079;13235;791;78;172032;161847705600;9453111
21632;1.7690000534;16683;623;13;173056;163780198400;9789948
21760;2.1250000000;12282;599;17;174080;165724160000;9415539
21888;1.4400000572;14037;653;49;175104;167679590400;9720380
22016;2.1160001755;14314;944;16;176128;169646489600;9613378
22144;1.4740000963;16327;703;26;177152;171624857600;9967680
22272;1.5180001259;16313;687;15;178176;173614694400;10167876
22400;2.2860000134;13200;908;16;179200;175616000000;9730208
22528;1.5930000544;14624;650;20;180224;177628774400;10012476
22656;2.1250000000;11670;816;18;181248;179653017600;9665918
22784;1.4910000563;12298;685;24;182272;181688729600;10030899
22912;2.3970000744;14156;958;22;183296;183735910400;10013656
23040;1.4980000257;13393;641;17;184320;185794560000;10090935
23168;2.2670001984;13593;857;13;185344;187864678400;9980767
23296;1.5080000162;14872;701;24;186368;189946265600;10153036
23424;2.3450000286;13686;864;16;187392;192039321600;10422415
23552;1.5280001163;13690;557;22;188416;194143846400;10256942
23680;2.3289999962;14331;910;17;189440;196259840000;10319838
23808;1.5480000973;16081;737;15;190464;198387302400;10462504
23936;1.5700000525;16413;677;19;191488;200526233600;10625522
24064;1.5800000429;14793;909;19;192512;202676633600;10508070
24192;1.5700000525;14557;810;16;193536;204838502400;10578059
24320;2.6560001373;16403;667;80;194560;207011840000;11016111
24448;2.5450000763;13795;715;44;195584;209196646400;10499226
24576;1.6370000839;17058;795;115;196608;211392921600;11029837
24704;1.5950000286;14198;733;32;197632;213600665600;10685643
24832;1.5920001268;14689;661;23;198656;215819878400;10706217
24960;2.9510002136;15141;984;118;199680;218050560000;10797150
25088;2.4870002270;15675;757;73;200704;220292710400;11088722
25216;2.1430001259;15369;1364;29;201728;222546329600;10954739
25344;1.6600000858;14938;640;24;202752;224811417600;11159453
25472;2.6150000095;16149;911;34;203776;227087974400;11332215
25600;2.6950001717;19923;922;15;204800;229376000000;11690419
25728;2.6120002270;18837;779;56;205824;231675494400;11515053
25856;1.8860000372;21168;590;74;206848;233986457600;11941831
25984;2.7730002403;17696;778;15;207872;236308889600;11404273
26112;2.2100000381;19684;779;27;208896;238642790400;11783436
26240;2.6720001698;17653;820;51;209920;240988160000;11855671
26368;2.6860001087;16307;666;126;210944;243344998400;11512703
26496;1.7220001221;15130;735;121;211968;245713305600;11586474
26624;1.7610000372;18173;1017;128;212992;248093081600;11913237
26752;3.1780002117;19699;1010;20;214016;250484326400;12105135
26880;3.0940001011;17308;765;22;215040;252887040000;11875208
27008;1.7930001020;16674;704;25;216064;255301222400;12040986
27136;1.8470001221;21078;688;25;217088;257726873600;12488002
27264;3.8360002041;19317;964;20;218112;260163993600;12177307
27392;3.3940000534;17200;672;18;219136;262612582400;11962431
27520;2.2990000248;22387;1300;18;220160;265072640000;12556717
27648;1.7910001278;16207;786;19;221184;267544166400;11985342
27776;1.9000000954;22500;781;10;222208;270027161600;12866174
27904;3.7010002136;19185;1126;51;223232;272521625600;12492036
28032;3.6490001678;18893;806;32;224256;275027558400;12557574
28160;2.5430002213;21606;824;27;225280;277544960000;12887861
28288;2.1390001774;20022;1012;24;226304;280073830400;12796541
28416;2.8650002480;19517;930;24;227328;282614169600;12582075
28544;2.9360001087;21689;693;12;228352;285165977600;13077035
28672;1.9550000429;23778;821;18;229376;287729254400;13243330
28800;1.9570001364;22121;803;19;230400;290304000000;13288688
28928;3.8090002537;19217;759;28;231424;292890214400;12939541
29056;3.3700001240;21529;860;22;232448;295487897600;13197472
29184;2.7760000229;18663;1005;19;233472;298097049600;13167220
29312;2.0329999924;20243;794;24;234496;300717670400;13125712
29440;2.9940001965;17959;994;17;235520;303349760000;12783792
29568;3.0910000801;21938;1145;22;236544;305993318400;13345041
29696;2.0160000324;22744;1124;24;237568;308648345600;13589661
29824;2.1980001926;19334;1127;13;238592;311314841600;13299898
29952;3.3270001411;20605;871;13;239616;313992806400;13212621
30080;3.0230002403;25009;927;19;240640;316682240000;13980448
30208;2.0820000172;26100;999;50;241664;319383142400;14039689
30336;2.0140001774;21286;773;20;242688;322095513600;13606847
30464;4.1210002899;29925;1255;19;243712;324819353600;14710643
30592;3.5620002747;19515;997;21;244736;327554662400;13456425
30720;2.7560000420;21688;806;17;245760;330301440000;13971666
30848;2.3820002079;18030;1080;17;246784;333059686400;13387156
30976;3.3080000877;24144;968;20;247808;335829401600;14148949
31104;3.8350002766;20571;1366;21;248832;338610585600;13656842
31232;2.4280002117;18379;1141;18;249856;341403238400;13665935
31360;2.1349999905;21808;1123;259;250880;344207360000;14082989
31488;3.2270002365;21691;1029;20;251904;347022950400;13835346
31616;2.1190001965;24185;1020;154;252928;349850009600;14324208
31744;3.2710001469;25336;1370;45;253952;352688537600;14592336
31872;2.6810002327;23767;1334;37;254976;355538534400;14323675
32000;2.1470000744;23407;1050;18;256000;358400000000;14474109
32128;2.9110002518;22932;1316;218;257024;361272934400;14214638
32256;2.9820001125;24122;940;184;258048;364157337600;14587122
32384;3.4630000591;23095;1011;199;259072;367053209600;14431737
32512;2.6980001926;28263;925;81;260096;369960550400;15231189
32640;2.8580000401;27897;1285;22;261120;372879360000;15143881
32768;2.1990001202;22185;966;19;262144;375809638400;14703849
32896;2.3730001450;21558;1178;32;263168;378751385600;14491513
33024;2.2530000210;25177;948;23;264192;381704601600;15203463
33152;2.8790001869;23713;931;58;265216;384669286400;14958835
33280;2.2430000305;23331;868;26;266240;387645440000;15145227
33408;3.6720001698;23607;1336;17;267264;390633062400;15049651
33536;3.3950002193;29046;1127;612;268288;393632153600;15657730
33664;2.2340002060;23158;935;23;269312;396642713600;15054196
33792;2.2440001965;23851;833;22;270336;399664742400;15206223
33920;2.2280001640;21683;1236;16;271360;402698240000;14908940
34048;2.3000001907;24396;887;12;272384;405743206400;15420859
34176;2.8180000782;24987;987;21;273408;408799641600;15387164
34304;3.9200000763;22297;1023;19;274432;411867545600;14995606
34432;3.9690001011;23963;1182;17;275456;414946918400;15191813
34560;3.4630000591;27721;1064;16;276480;418037760000;15976643
34688;3.9500002861;26854;1140;10;277504;421140070400;15765975
34816;2.3090000153;24075;1071;17;278528;424253849600;15583172
34944;2.3350000381;23777;969;19;279552;427379097600;15671553
35072;2.3680000305;22669;858;22;280576;430515814400;15464727
35200;2.4200000763;29017;1383;16;281600;433664000000;16298912
35328;2.9380002022;23373;1367;19;282624;436823654400;15734828
35456;2.3780000210;26369;694;22;283648;439994777600;15997787
35584;3.6150002480;24885;1221;15;284672;443177369600;16058333
35712;4.9870004654;30136;1016;24;285696;446371430400;16902963
35840;2.4350001812;28129;1219;19;286720;449576960000;16461174
35968;2.4100000858;27792;1122;25;287744;452793958400;16291040
36096;2.4170000553;25501;901;14;288768;456022425600;16352074
36224;2.8690001965;23294;1245;20;289792;459262361600;16263674
36352;3.9590001106;24350;966;16;290816;462513766400;16235987
36480;2.4580001831;27105;1251;19;291840;465776640000;16568509
36608;2.4500000477;28858;1017;18;292864;469050982400;16616131
36736;2.4990000725;32242;965;18;293888;472336793600;16907626
36864;2.5540001392;31589;1383;18;294912;475634073600;17224676
36992;2.4830000401;25510;1265;118;295936;478942822400;16795305
37120;2.5740001202;30751;1353;27;296960;482263040000;17368253
37248;3.9390001297;28157;1198;25;297984;485594726400;16870464
37376;3.9060001373;29472;1367;21;299008;488937881600;17291136
37504;2.5550000668;32000;864;18;300032;492292505600;17549431
37632;2.5610001087;30441;895;20;301056;495658598400;17352848
37760;2.5850000381;29325;1314;24;302080;499036160000;17249384
37888;2.5050001144;26722;1014;22;303104;502425190400;16907114
38016;2.5760002136;29546;1087;20;304128;505825689600;17376991
38144;2.6330001354;29525;928;22;305152;509237657600;17863183
38272;2.5960001945;31162;961;19;306176;512661094400;17617608
38400;2.6340000629;28253;1423;15;307200;516096000000;17369774
38528;3.7900002003;29359;1031;21;308224;519542374400;17871696
38656;4.2800002098;30490;1055;29;309248;523000217600;17742235
38784;2.5920000076;27886;872;27;310272;526469529600;17569073
38912;2.6500000954;33374;1242;20;311296;529950310400;17962980
39040;2.7380001545;31961;1411;16;312320;533442560000;18233319
39168;2.6170001030;28003;1045;28;313344;536946278400;17715699
39296;3.5360002518;30490;1093;17;314368;540461465600;17969144
39424;2.6790001392;31323;911;24;315392;543988121600;18151544
39552;4.1060004234;26721;1222;27;316416;547526246400;17748821
39680;3.4920001030;28701;1102;15;317440;551075840000;18036971
39808;4.4950003624;28608;1138;21;318464;554636902400;17917040
39936;4.1430001259;32563;1440;24;319488;558209433600;18547002
40064;2.7740001678;33950;1333;19;320512;561793433600;18847864
40192;4.6020002365;31044;1087;174;321536;565388902400;18397482
40320;4.0570001602;28525;1012;12;322560;568995840000;17981194
40448;4.2270002365;40960;1320;16;323584;572614246400;19590697
40576;2.7670001984;32323;1125;49;324608;576244121600;18759755
40704;2.7080001831;29634;797;135;325632;579885465600;18348018
40832;2.7630002499;30248;1090;15;326656;583538278400;18715448
40960;3.4460000992;32755;1361;72;327680;587202560000;18892061
41088;2.8410000801;31706;1419;202;328704;590878310400;18690776
41216;3.7110002041;35863;1478;187;329728;594565529600;19446309
41344;2.7360000610;26670;866;19;330752;598264217600;18485558
41472;2.7950000763;30406;957;27;331776;601974374400;18881037
41600;3.8140001297;35827;1480;116;332800;605696000000;19313275
41728;2.8570001125;33932;1158;18;333824;609429094400;19395432
41856;2.8750002384;34011;1246;20;334848;613173657600;19458133
41984;2.8130002022;31893;1148;63;335872;616929689600;19039904
42112;2.8990001678;34829;1189;15;336896;620697190400;19611639
42240;2.9820001125;31917;1237;34;337920;624476160000;19402337
42368;2.9480001926;37839;1010;14;338944;628266598400;20052407
42496;2.8590002060;30402;966;27;339968;632068505600;19395914
42624;3.0490002632;40126;1669;74;340992;635881881600;20404004
42752;2.8070001602;27762;1357;44;342016;639706726400;18696155
42880;2.8500001431;29063;914;18;343040;643543040000;19210116
43008;3.0000002384;39884;1130;22;344064;647390822400;20429157
43136;3.9710001945;32717;1036;91;345088;651250073600;19540153
43264;3.6660001278;34065;1241;65;346112;655120793600;19955186
43392;3.3140001297;30616;1110;24;347136;659002982400;19908970
43520;2.9670002460;35017;1598;31;348160;662896640000;20053912
43648;3.4970002174;37893;1987;23;349184;666801766400;20382909
43776;4.5750002861;37340;1564;29;350208;670718361600;20280486
43904;3.2360000610;47186;2172;49;351232;674646425600;21769230
44032;3.6770002842;34215;1245;131;352256;678585958400;19941990
44160;2.9410002232;31271;901;119;353280;682536960000;19919049
44288;8.0770006180;41625;1503;202;354304;686499430400;21165606
44416;3.0230002403;30658;1259;66;355328;690473369600;19903580
44544;3.0720000267;33527;1403;63;356352;694458777600;20271086
44672;4.5659999847;41893;1438;96;357376;698455654400;21142382
44800;3.0200002193;35119;1125;80;358400;702464000000;20462446
44928;3.1430001259;38199;1502;54;359424;706483814400;20876627
45056;4.0910000801;42642;1296;56;360448;710515097600;21543233
45184;3.7570002079;36239;1144;108;361472;714557849600;20821929
45312;3.0810000896;36660;1705;27;362496;718612070400;20796747
45440;4.5640001297;34032;1423;61;363520;722677760000;20698416
45568;3.1080000401;36350;1589;19;364544;726754918400;21065228
45696;3.7600002289;34251;1572;19;365568;730843545600;20676875
45824;3.4410002232;40863;1431;35;366592;734943641600;21564417
45952;3.4470002651;39366;2025;30;367616;739055206400;21655897
46080;3.2670001984;34984;1666;32;368640;743178240000;21007133
46208;4.3700003624;48656;1884;36;369664;747312742400;22655513
46336;3.2130000591;40453;1645;118;370688;751458713600;21769771
46464;4.0740003586;36486;1530;269;371712;755616153600;21398085
46592;3.1550002098;34958;1297;13;372736;759785062400;21381792
46720;4.3960003853;35149;1992;107;373760;763965440000;21318388
46848;4.2460002899;35794;1511;47;374784;768157286400;21404119
46976;3.1480002403;34704;1511;128;375808;772360601600;21196605
47104;5.2140002251;42981;1620;82;376832;776575385600;22321565
47232;3.2160000801;37296;1239;88;377856;780801638400;21767836
47360;5.1710004807;43800;1504;117;378880;785039360000;22418597
47488;3.2510001659;38717;1584;57;379904;789288550400;21976993
47616;4.9580001831;39442;1322;81;380928;793549209600;22059354
47744;3.2600002289;38968;1480;13;381952;797821337600;22049685
47872;3.2410001755;35733;1375;120;382976;802104934400;21902665
48000;3.3450002670;35219;1089;211;384000;806400000000;21966446
48128;3.6070001125;38934;1411;16;385024;810706534400;22013981
48256;4.5770001411;43455;2018;32;386048;815024537600;22699575
48384;3.3460001945;41199;1672;21;387072;819354009600;22565698
48512;3.2690000534;36717;1409;18;388096;823694950400;22073583
48640;4.4320001602;41009;1959;16;389120;828047360000;22670819
48768;3.3630001545;39819;1099;16;390144;832411238400;22222815
48896;3.3910002708;42011;1982;31;391168;836786585600;22745923
49024;3.5960001945;39649;1186;38;392192;841173401600;22710881
49152;3.5900001526;44826;1890;71;393216;845571686400;23286348
49280;3.3830001354;41199;1482;97;394240;849981440000;22930482
49408;3.3950002193;42606;1316;105;395264;854402662400;22975866
49536;3.4060001373;39484;1444;52;396288;858835353600;22960138
49664;3.4340002537;42227;1495;21;397312;863279513600;23279396
49792;3.4640002251;47325;1212;19;398336;867735142400;23654249
49920;3.6490001678;45320;2188;31;399360;872202240000;23643282
50048;3.4880001545;41644;1679;27;400384;876680806400;22992908
50176;3.3780002594;37528;1619;147;401408;881170841600;22799127
50304;3.4830002785;44679;1600;86;402432;885672345600;23642598
50432;3.4360001087;40348;1052;29;403456;890185318400;23285752
50560;3.3480000496;36529;1471;86;404480;894709760000;22539136
50688;3.6410002708;52980;2083;80;405504;899245670400;24823883
50816;3.4700002670;43649;1427;72;406528;903793049600;23593739
50944;3.6960000992;55309;2002;85;407552;908351897600;25285830
51072;3.5260002613;44531;1121;62;408576;912922214400;23977042
51200;3.6100001335;49907;1762;137;409600;917504000000;24616740
51328;3.8060002327;51326;2270;71;410624;922097254400;24916752
51456;3.6460001469;49823;1928;19;411648;926701977600;24799587
51584;3.5550000668;42098;1668;19;412672;931318169600;23847718
51712;3.6140000820;47061;1785;31;413696;935945830400;24590990
51840;3.5750002861;46136;1518;150;414720;940584960000;24270126
51968;3.7590000629;46192;2267;28;415744;945235558400;24504889
52096;8.4270000458;43530;1832;361;416768;949897625600;24413257
52224;3.5320000648;39418;1226;21;417792;954571161600;23821071
52352;3.4900002480;37578;1362;16;418816;959256166400;23625072
52480;3.5620002747;39700;1297;45;419840;963952640000;24072485
52608;4.3790001869;40962;1241;30;420864;968660582400;24145886
52736;4.9350004196;49271;1702;22;421888;973379993600;24999784
52864;3.6520001888;38403;1876;38;422912;978110873600;23602917
52992;4.6400003433;41615;1518;33;423936;982853222400;24200881
53120;5.6710004807;46790;2102;74;424960;987607040000;24784133
53248;5.0480003357;42231;1714;154;425984;992372326400;24674315
53376;3.6140000820;41875;1369;59;427008;997149081600;24519566
53504;3.8920001984;59187;2104;16;428032;1001937305600;26588761
53632;3.7080001831;47249;1778;20;429056;1006736998400;25076353
53760;3.8180000782;52639;1671;75;430080;1011548160000;26066228
53888;3.6620001793;43118;1510;150;431104;1016370790400;24858173
54016;3.8230001926;53952;2858;95;432128;1021204889600;25767917
54144;3.8350002766;53644;3322;24;433152;1026050457600;25368293
54272;3.6500000954;41726;1439;13;434176;1030907494400;24696944
54400;3.8900001049;57139;2109;24;435200;1035776000000;26283795
54528;3.6740002632;43194;1501;26;436224;1040655974400;24971299
54656;3.7480001450;45054;1189;19;437248;1045547417600;25453916
54784;3.6850001812;41219;1417;32;438272;1050450329600;24920475
54912;3.6710002422;41958;1069;83;439296;1055364710400;24901211
55040;3.8340001106;48601;1954;64;440320;1060290560000;25737539
55168;3.9860002995;61108;2025;47;441344;1065227878400;26971094
55296;3.7220001221;43137;1574;22;442368;1070176665600;25270558
55424;3.7710001469;44286;1277;27;443392;1075136921600;25632402
55552;3.7950000763;45085;1584;30;444416;1080108646400;25647850
55680;3.7960002422;46314;1641;106;445440;1085091840000;25848227
55808;3.8540000916;47112;1834;85;446464;1090086502400;25998497
55936;3.9150002003;52477;2832;34;447488;1095092633600;26401902
56064;3.7660002708;42471;1557;20;448512;1100110233600;25421739
56192;3.8380002975;44109;1585;20;449536;1105139302400;25898580
56320;3.9230000973;51307;1498;23;450560;1110179840000;26691234
56448;3.8060002327;43046;1509;127;451584;1115231846400;25737805
56576;3.8880002499;46354;1480;106;452608;1120295321600;26351769
56704;3.9610002041;52156;2310;33;453632;1125370265600;26646001
56832;3.8490002155;43063;1331;260;454656;1130456678400;26061101
56960;3.8940002918;47704;1437;70;455680;1135554560000;26467284
57088;3.9230000973;47437;1400;69;456704;1140663910400;26608411
57216;3.9420001507;49466;1775;105;457728;1145784729600;26830917
57344;3.8820002079;44025;1505;15;458752;1150917017600;26353990
57472;4.0230002403;54048;2028;90;459776;1156060774400;27373272
57600;3.9890000820;52129;1687;123;460800;1161216000000;27164838
57728;4.0080003738;50464;1569;96;461824;1166382694400;27255012
57856;4.0460000038;54465;3757;51;462848;1171560857600;26821925
57984;4.0440001488;51719;1434;155;463872;1176750489600;27433000
58112;5.0400004387;48745;1316;57;464896;1181951590400;26911415
58240;4.0370001793;50794;1398;30;465920;1187164160000;27464846
58368;4.0859999657;53069;1729;21;466944;1192388198400;27795805
58496;4.2310004234;63188;2102;20;467968;1197623705600;28918619
58624;4.0989999771;53767;1659;107;468992;1202870681600;27925595
58752;4.0820002556;51022;1441;106;470016;1208129126400;27792820
58880;4.1330003738;53163;1691;134;471040;1213399040000;27948465
59008;5.3190002441;53017;1946;20;472064;1218680422400;27973759
59136;5.8140001297;48898;1529;30;473088;1223973273600;27618686
59264;4.1980004311;57824;1998;159;474112;1229277593600;28523880
59392;4.2540001869;58281;2050;106;475136;1234593382400;28949522
59520;4.0710000992;50421;1474;16;476160;1239920640000;27649383
59648;4.0740003586;49371;1948;33;477184;1245259366400;27626607
59776;6.5240001678;47412;1848;586;478208;1250609561600;27450845
59904;4.4490003586;70920;2280;20;479232;1255971225600;30486951
60032;4.0760002136;48853;1526;76;480256;1261344358400;27640219
60160;5.2140002251;49704;1722;122;481280;1266728960000;27963276
60288;5.3620004654;53282;1739;33;482304;1272125030400;28391953
60416;5.0950002670;53389;1926;34;483328;1277532569600;28364603
60544;4.2970004082;59712;2094;156;484352;1282951577600;29281627
60672;4.2600002289;59051;2004;124;485376;1288382054400;29018582
60800;4.7840003967;55214;1838;50;486400;1293824000000;28934431
60928;4.1260004044;50010;1483;24;487424;1299277414400;28031865
61056;5.5270004272;56397;1944;21;488448;1304742297600;29190762
61184;4.9300003052;53118;1722;69;489472;1310218649600;28648078
61312;4.4340000153;69125;2310;91;490496;1315706470400;30283541
61440;4.2070002556;51162;1444;78;491520;1321205760000;28585450
61568;4.5480003357;52272;1634;19;492544;1326716518400;28767169
61696;4.2000002861;53820;1521;24;493568;1332238745600;28683162
61824;5.3540000916;48255;1838;37;494592;1337772441600;28331183
61952;5.4860000610;53633;1764;90;495616;1343317606400;29051115
62080;4.3740000725;62553;1989;132;496640;1348874240000;29753591
62208;4.3949999809;60159;1850;24;497664;1354442342400;29994690
62336;4.8870000839;50501;1700;48;498688;1360021913600;28621288
62464;5.3210000992;56837;1970;176;499712;1365612953600;29781395
62592;4.3000001907;53261;1668;89;500736;1371215462400;29221383
62720;4.3140001297;53666;1729;26;501760;1376829440000;29327834
62848;5.1410002708;53956;1620;26;502784;1382454886400;29411071
62976;5.5269775391;56380;2088;108;503808;1388091801600;29639534
63104;4.3130002022;51350;1549;74;504832;1393740185600;29254421
63232;4.6050000191;68824;2526;17;505856;1399400038400;31530471
63360;4.9720001221;56779;1732;53;506880;1405071360000;29982958
63488;5.0530004501;59856;1792;164;507904;1410754150400;30405970
63616;4.4220004082;57253;1591;70;508928;1416448409600;29983746
63744;4.4409999847;58679;1696;23;509952;1422154137600;30145367
63872;4.3890004158;55316;1598;63;510976;1427871334400;29762548
64000;4.4690003395;55799;1682;98;512000;1433600000000;30268705
64128;4.6030001640;65140;1909;82;513024;1439340134400;31224361
64256;4.4279999733;55967;1811;95;514048;1445091737600;29997860
64384;5.4440002441;59900;1766;21;515072;1450854809600;30276986
64512;4.6400003433;61185;1923;67;516096;1456629350400;30793336
64640;5.0360002518;51658;1358;143;517120;1462415360000;29541833
64768;4.4290003777;53592;1478;80;518144;1468212838400;30049434
64896;5.0720000267;58386;1875;28;519168;1474021785600;30543577
65024;5.2350001335;50887;1704;86;520192;1479842201600;29853835
65152;4.5710000992;60881;2030;80;521216;1485674086400;31000193
65280;4.4730000496;53833;1610;22;522240;1491517440000;30389782
65408;5.5880002975;61928;1981;33;523264;1497372262400;31271477
65536;5.4880003929;56595;1801;95;524288;1503238553600;30546746
65664;4.6230001450;65637;2179;63;525312;1509116313600;31541793
65792;4.8430004120;74115;2563;28;526336;1515005542400;33004885
65920;5.4050002098;51144;1591;145;527360;1520906240000;30234048
66048;4.4480004311;53257;1661;154;528384;1526818406400;30097327
66176;9.5560007095;56373;2137;51;529408;1532742041600;30866175
66304;4.8640003204;75792;2551;36;530432;1538677145600;33219651
66432;4.6100001335;58904;1837;23;531456;1544623718400;31427643
66560;4.6430001259;58969;1909;126;532480;1550581760000;31538646
66688;4.6360001564;58501;1889;160;533504;1556551270400;31598140
66816;4.6130003929;58281;1679;73;534528;1562532249600;31299980
66944;4.7540001869;63606;1715;33;535552;1568524697600;32365513
67072;4.6070003510;56679;1990;99;536576;1574528614400;31285551
67200;4.6970000267;61182;1693;28;537600;1580544000000;31917015
67328;4.6780004501;61204;2158;97;538624;1586570854400;31700027
67456;4.7090001106;62553;2011;33;539648;1592609177600;32007424
67584;4.6720004082;56752;2041;157;540672;1598658969600;31719941
67712;4.8930001259;72667;2136;88;541696;1604720230400;33422305
67840;4.6010003090;53490;1510;35;542720;1610792960000;31261826
67968;4.7950000763;64686;1962;123;543744;1616877158400;32580955
68096;4.8100004196;64270;1789;27;544768;1622972825600;32748729
68224;4.7369999886;60958;1995;124;545792;1629079961600;32174374
68352;4.7110004425;56998;1583;32;546816;1635198566400;32045625
68480;4.8130002022;61342;2043;120;547840;1641328640000;32672878
68608;4.7940001488;60539;1979;49;548864;1647470182400;32475224
68736;4.7839355469;61275;1947;78;549888;1653623193600;32568342
68864;4.9940004349;73276;2221;85;550912;1659787673600;33925286
68992;4.9020004272;67669;2166;72;551936;1665963622400;33322921
69120;4.9070000648;66169;1774;102;552960;1672151040000;33356467
69248;4.6950001717;53663;2100;29;553984;1678349926400;31745167
69376;5.3820004463;97837;3447;176;555008;1684560281600;36968062
69504;4.8390002251;61318;1902;33;556032;1690782105600;32901704
69632;4.8289999962;64541;1735;120;557056;1697015398400;32866675
69760;4.8100004196;61691;1841;40;558080;1703260160000;32657528
69888;4.7450003624;56621;1854;49;559104;1709516390400;32213706
70016;4.7970004082;61482;2028;90;560128;1715784089600;32611822
70144;4.9530000687;66543;2392;32;561152;1722063257600;33688733
70272;4.9440002441;64915;2428;137;562176;1728353894400;33646528
70400;4.8590002060;63725;1905;60;563200;1734656000000;32995612
70528;4.9220004082;64551;2030;107;564224;1740969574400;33499600
70656;5.0170001984;73818;2158;18;565248;1747294617600;34588331
70784;5.4360003471;70342;2018;172;566272;1753631129600;34097008
70912;4.9330000877;62348;1867;70;567296;1759979110400;33534615
71040;5.6750001907;65689;2066;41;568320;1766338560000;34101000
71168;5.0130000114;66747;1737;86;569344;1772709478400;34070606
71296;5.7800002098;59108;1633;36;570368;1779091865600;33226102
71424;5.0200004578;66502;1821;149;571392;1785485721600;34161984
71552;5.4810004234;72537;2155;48;572416;1791891046400;34836027
71680;5.7320003510;59421;1880;21;573440;1798307840000;33468683
71808;9.3470001221;70123;2249;398;574464;1804736102400;34690384
71936;5.0710000992;68260;2023;33;575488;1811175833600;34510516
72064;5.0390000343;62742;1970;64;576512;1817627033600;34285187
72192;4.9030003548;59047;1463;48;577536;1824089702400;33247707
72320;5.1050000191;71789;2306;31;578560;1830563840000;34799488
72448;5.0260000229;62324;2464;165;579584;1837049446400;34107597
72576;5.7990002632;69383;1912;35;580608;1843546521600;34877931
72704;5.0080003738;62891;2060;178;581632;1850055065600;33984127
72832;5.8680005074;65961;1843;76;582656;1856575078400;34362037
72960;4.9740004539;58700;1629;35;583680;1863106560000;33763918
73088;5.3020000458;63844;1898;106;584704;1869649510400;34393328
73216;6.1130003929;73719;2367;80;585728;1876203929600;35603327
73344;5.0230002403;62196;1882;22;586752;1882769817600;34168041
73472;5.4670004845;87594;2885;273;587776;1889347174400;37456805
73600;5.1370000839;64023;2124;125;588800;1895936000000;34323916
73728;5.2650003433;74406;2086;40;589824;1902536294400;35842008
73856;5.6430001259;83753;2847;129;590848;1909148057600;37083150
73984;5.2830004692;75591;2212;33;591872;1915771289600;35974223
74112;5.1870002747;68117;2205;154;592896;1922405990400;35320934
74240;5.2710003853;72602;2151;73;593920;1929052160000;35863918
74368;5.3100004196;74083;2266;43;594944;1935709798400;36052860
74496;5.2630004883;71818;2353;212;595968;1942378905600;35729139
74624;5.1560001373;67027;2068;120;596992;1949059481600;34995143
74752;6.1100001335;65253;1791;48;598016;1955751526400;35026635
74880;5.2900004387;70734;2148;126;599040;1962455040000;35969794
75008;5.7360000610;62170;2190;73;600064;1969170022400;35109338
75136;5.8760004044;73371;2329;50;601088;1975896473600;36348158
75264;5.2380003929;67166;2018;136;602112;1982634393600;35478865
75392;5.3150000572;69291;1896;71;603136;1989383782400;36210668
75520;5.2390003204;68365;2113;59;604160;1996144640000;35760045
75648;5.3660001755;73905;2832;205;605184;2002916966400;36615988
75776;5.7720003128;66219;2475;105;606208;2009700761600;35428933
75904;5.2900004387;67729;2579;70;607232;2016496025600;35786901
76032;6.0570001602;74696;2545;117;608256;2023302758400;36550324
76160;5.2900004387;66813;2410;49;609280;2030120960000;35865880
76288;5.3850002289;73568;2038;28;610304;2036950630400;36714677
76416;6.0980005264;79650;2579;36;611328;2043791769600;37395808
76544;5.3520002365;72205;2091;167;612352;2050644377600;36430425
76672;5.4200000763;72305;2248;181;613376;2057508454400;36906748
76800;5.3380002975;69061;2355;189;614400;2064384000000;36352018
76928;5.4140000343;73936;2219;120;615424;2071271014400;36893571
77056;6.3110003471;71842;2036;34;616448;2078169497600;36649797
77184;5.4420003891;77213;2259;110;617472;2085079449600;37073470
77312;6.2590003014;77192;2180;85;618496;2092000870400;37536126
77440;5.4800004959;74741;2217;50;619520;2098933760000;37306026
77568;6.1400003433;73538;2653;95;620544;2105878118400;37158192
77696;5.5320000648;76018;2166;43;621568;2112833945600;37713104
77824;5.9050002098;72610;2612;131;622592;2119801241600;37107254
77952;5.4550004005;70811;2176;83;623616;2126780006400;36560555
78080;5.5590004921;77037;2438;94;624640;2133770240000;37850291
78208;5.8050003052;69058;1942;153;625664;2140771942400;36818460
78336;5.5910000801;77937;2605;64;626688;2147785113600;38025777
78464;5.5540003777;76896;1904;158;627712;2154809753600;37869861
78592;5.5410003662;74102;2633;69;628736;2161845862400;37662428
78720;5.4000000954;65366;1830;50;629760;2168893440000;36644989
78848;5.5610003471;74887;2410;113;630784;2175952486400;37746956
78976;5.4350004196;67138;1923;38;631808;2183023001600;36910400
79104;5.4250001907;68328;2069;143;632832;2190104985600;36897887
79232;5.5320000648;73004;2156;63;633856;2197198438400;37520195
79360;5.5740003586;74987;2476;76;634880;2204303360000;37921116
79488;5.4820003510;70589;2261;75;635904;2211419750400;37385128
79616;5.5470004082;75363;2151;79;636928;2218547609600;37800148
79744;5.5460004807;73559;2226;106;637952;2225686937600;37776990
79872;5.6360001564;76687;2093;42;638976;2232837734400;38400223
80000;5.5130004883;69061;1945;98;640000;2240000000000;37401199
80128;5.6860003471;81455;2615;46;641024;2247173734400;38686812
80256;5.4940004349;68043;2136;202;642048;2254358937600;37218458
80384;5.5250000954;67984;1932;100;643072;2261555609600;37543860
80512;5.7600002289;76349;4044;104;644096;2268763750400;38740238
80640;5.6610002518;71108;1995;129;645120;2275983360000;38481747
80768;5.7290000916;78935;2527;21;646144;2283214438400;39011807
80896;5.7280001640;78055;2276;28;647168;2290456985600;39050190
81024;5.6960000992;76708;2128;49;648192;2297711001600;38745918
81152;5.7730002403;79331;2767;45;649216;2304976486400;39128897
81280;5.7070002556;75903;2237;78;650240;2312253440000;38911891
81408;5.8280000687;82581;2777;90;651264;2319541862400;39447611
81536;5.8250002861;80978;2400;80;652288;2326841753600;39535789
81664;5.9890003204;92298;2788;64;653312;2334153113600;41059835
81792;5.9240002632;80508;2912;191;654336;2341475942400;39825325
81920;5.8670001030;83578;2588;211;655360;2348810240000;39999551
82048;5.6790003777;71303;2015;148;656384;2356156006400;38535598
82176;5.7690000534;76240;2543;148;657408;2363513241600;39344972
82304;5.8710002899;83193;2508;140;658432;2370881945600;39815528
82432;5.8500003815;80624;2066;103;659456;2378262118400;39859104
82560;5.7020001411;73117;2195;96;660480;2385653760000;38735657
82688;5.7970004082;76022;2803;47;661504;2393056870400;39237715
82816;5.8620004654;78226;2145;23;662528;2400471449600;39796318
82944;5.8080000877;76793;2078;25;663552;2407897497600;39333110
83072;6.0250000954;88887;2678;38;664576;2415335014400;41106009
83200;5.8020000458;75761;2413;24;665600;2422784000000;39283728
83328;5.8390002251;79670;2247;57;666624;2430244454400;39803305
83456;5.8890004158;78175;2253;81;667648;2437716377600;39724948
83584;5.9690003395;83735;2637;132;668672;2445199769600;40676983
83712;6.1540002823;94421;3112;60;669696;2452694630400;41976502
83840;6.4160003662;113753;3973;217;670720;2460200960000;44158838
83968;8.4640007019;96994;3274;394;671744;2467718758400;42412390
84096;6.1290001869;93308;3099;28;672768;2475248025600;41936863
84224;5.9180002213;81061;2574;79;673792;2482788761600;40239177
84352;5.9390001297;79560;2357;40;674816;2490340966400;40451975
84480;5.9350004196;81028;2286;158;675840;2497904640000;40390807
84608;6.2890005112;83134;2618;57;676864;2505479782400;41100053
84736;5.9030003548;77440;2246;84;677888;2513066393600;40343793
84864;6.0630002022;80514;2289;94;678912;2520664473600;40332878
84992;5.9680004120;80738;2272;92;679936;2528274022400;40694670
85120;6.6260004044;81839;2194;119;680960;2535895040000;40890764
85248;6.1130003929;87235;2740;90;681984;2543527526400;41604766
85376;5.9830002785;80977;2476;113;683008;2551171481600;40676743
85504;5.8800001144;73426;1964;49;684032;2558826905600;39909862
85632;6.0910000801;85022;2744;114;685056;2566493798400;41355087
85760;5.9360003471;75808;2164;42;686080;2574172160000;40379235
85888;6.1500000954;89556;2653;128;687104;2581861990400;42062052
86016;6.3070001602;82931;2545;32;688128;2589563289600;41320111
86144;6.0250000954;79085;2456;162;689152;2597276057600;40987192
86272;6.1680002213;88507;2557;21;690176;2605000294400;41918177
86400;6.2020001411;90686;2799;50;691200;2612736000000;42328061
86528;6.0100002289;78386;2624;191;692224;2620483174400;40843156
86656;6.1720004082;89356;2909;71;693248;2628241817600;42020144
86784;6.1930003166;86530;2678;258;694272;2636011929600;42210112
86912;6.1400003433;78518;2819;111;695296;2643793510400;41729760
87040;6.0710000992;76550;2046;53;696320;2651586560000;41107525
87168;6.3570003510;96189;3104;213;697344;2659391078400;43422131
87296;5.9750003815;74157;2052;56;698368;2667207065600;40589347
87424;6.3440003395;94092;2741;157;699392;2675034521600;43392534
87552;6.5120000839;85907;2428;62;700416;2682873446400;42136530
87680;6.2240004539;86670;2913;104;701440;2690723840000;42315809
87808;6.0600004196;77293;2169;70;702464;2698585702400;41198851
87936;6.4320001602;96388;3365;128;703488;2706459033600;43915947
88064;6.2640004158;88324;3160;46;704512;2714343833600;42468830
88192;6.1490001678;81764;1989;129;705536;2722240102400;41925176
88320;6.3300004005;90338;2442;113;706560;2730147840000;43135008
88448;6.4800004959;101665;3107;119;707584;2738067046400;44383352
88576;6.2210001945;82272;2690;77;708608;2745997721600;42221109
88704;6.1780004501;80341;2341;109;709632;2753939865600;41840163
88832;6.4900002480;90141;3188;46;710656;2761893478400;43209901
88960;6.2970004082;87273;2770;133;711680;2769858560000;42992428
89088;6.4830002785;87521;3112;46;712704;2777835110400;43390854
89216;6.3370003700;90989;2658;240;713728;2785823129600;43216845
89344;11.3090009689;94674;3221;186;714752;2793822617600;43876671
89472;6.7070002556;88292;2834;33;715776;2801833574400;43126159
89600;6.3190002441;86258;3388;46;716800;2809856000000;42818747
89728;6.3220005035;85165;2428;177;717824;2817889894400;42998029
89856;6.6520004272;106491;3737;50;718848;2825935257600;45439566
89984;6.2550001144;81808;2456;149;719872;2833992089600;42569354
90112;6.3510003090;87848;2771;39;720896;2842060390400;43224553
90240;6.4490003586;90991;2969;218;721920;2850140160000;43894981
90368;6.3820004463;85997;3021;72;722944;2858231398400;43321116
90496;6.6440005302;82806;2930;160;723968;2866334105600;42744704
90624;6.3410000801;80312;2323;86;724992;2874448281600;42965977
90752;6.3860001564;87437;2525;81;726016;2882573926400;43398858
90880;6.6449584961;101746;3507;107;727040;2890711040000;45420776
91008;6.4720001221;87908;2511;138;728064;2898859622400;44037344
91136;6.6140003204;100583;2726;43;729088;2907019673600;45140915
91264;6.3970003128;84632;2086;146;730112;2915191193600;43597883
91392;6.9020004272;110336;3671;36;731136;2923374182400;46253833
91520;6.4870004654;91037;2752;249;732160;2931568640000;44163033
91648;7.0500001907;94382;2924;31;733184;2939774566400;44422572
91776;6.6200003624;97769;2939;207;734208;2947991961600;45144300
91904;6.5070004463;92219;2982;122;735232;2956220825600;44359980
92032;7.0760002136;102499;3370;85;736256;2964461158400;45584083
92160;6.7660002708;107040;3479;103;737280;2972712960000;46316016
92288;7.0700001717;99376;3087;131;738304;2980976230400;45391072
92416;6.4150004387;82812;2506;222;739328;2989250969600;43667366
92544;6.4600005150;80823;2592;173;740352;2997537177600;43794969
92672;6.5830001831;91438;2622;96;741376;3005834854400;44847477
92800;7.3970003128;105938;2775;78;742400;3014144000000;46609413
92928;6.4430003166;80288;2127;142;743424;3022464614400;43742785
93056;7.0250000954;92447;2851;28;744448;3030796697600;44841993
93184;6.6830000877;95940;3136;187;745472;3039140249600;45659553
93312;6.4890003204;87438;2718;90;746496;3047495270400;44184870
93440;6.7360005379;97847;3024;99;747520;3055861760000;45963575
93568;6.8470001221;86906;2509;90;748544;3064239718400;44375531
93696;6.5360002518;85398;2368;31;749568;3072629145600;44387760
93824;6.7900004387;101797;2644;207;750592;3081030041600;46321849
93952;6.6050004959;88435;2533;39;751616;3089442406400;45065920
94080;6.6460003853;88677;2917;150;752640;3097866240000;45170223
94208;6.7940001488;101310;3313;31;753664;3106301542400;46272060
94336;6.7850003242;96986;3041;176;754688;3114748313600;46404833
94464;7.2570004463;91185;2622;64;755712;3123206553600;45502324
94592;6.6180005074;89855;2690;192;756736;3131676262400;45095081
94720;6.6740002632;86956;2892;117;757760;3140157440000;45370260
94848;11.7900009155;90540;3390;241;758784;3148650086400;45366319
94976;6.6880002022;88736;2466;46;759808;3157154201600;45671695
95104;29.1540012360;1219694;29454;484;760832;3165669785600;215438068
95232;6.7810001373;94711;2334;22;761856;3174196838400;46175749
95360;7.2520003319;97605;3031;113;762880;3182735360000;46884871
95488;6.6320004463;84209;2480;105;763904;3191285350400;44965619
95616;6.6090002060;86353;2591;81;764928;3199846809600;44917362
95744;6.6580004692;86854;2505;124;765952;3208419737600;45317302
95872;6.8290004730;94798;3141;90;766976;3217004134400;46487479
96000;7.4810004234;99660;3188;131;768000;3225600000000;47104877
96128;6.7450003624;92049;2552;105;769024;3234207334400;45899624
96256;7.1200003624;100463;3100;115;770048;3242826137600;46923046
96384;6.8350005150;95667;2763;53;771072;3251456409600;46560330
96512;6.8590002060;96766;2796;134;772096;3260098150400;46684234
96640;7.5800004005;113668;3638;104;773120;3268751360000;49047496
96768;6.8250002861;95208;2418;92;774144;3277416038400;46606763
96896;7.1290001869;111024;3220;58;775168;3286092185600;48604459
97024;7.0530004501;107615;3206;132;776192;3294779801600;48286599
97152;6.9990005493;98853;2853;204;777216;3303478886400;47616582
97280;6.8030004501;89659;2311;122;778240;3312189440000;46325874
97408;6.8060002327;88033;2375;29;779264;3320911462400;46192901
97536;7.0430002213;101269;3006;76;780288;3329644953600;47941985
97664;6.9440002441;97531;2589;99;781312;3338389913600;47331529
97792;6.8370003700;87696;2454;243;782336;3347146342400;46546265
97920;6.9380002022;95036;3173;116;783360;3355914240000;47381389
98048;6.8550004959;93645;3076;185;784384;3364693606400;46658550
98176;7.2640004158;115397;3981;70;785408;3373484441600;49796226
98304;7.1380004883;108150;3322;158;786432;3382286745600;48723443
98432;7.1680002213;108952;3387;224;787456;3391100518400;49003442
98560;7.0680003166;96446;2786;52;788480;3399925760000;47442407
98688;6.9400005341;91916;2819;241;789504;3408762470400;47313821
98816;7.6290001869;106780;3052;76;790528;3417610649600;48741603
98944;7.1120004654;101092;3184;265;791552;3426470297600;48583348
99072;7.2260003090;108923;3127;78;792576;3435341414400;49427206
99200;7.4000005722;96389;2973;173;793600;3444224000000;47430337
99328;6.9650001526;91913;2969;73;794624;3453118054400;47420990
99456;7.1530003548;107180;2979;46;795648;3462023577600;48834344
99584;6.9580001831;89487;2815;92;796672;3470940569600;47158976
99712;7.1150002480;101341;3658;322;797696;3479869030400;48378124
99840;7.0700001717;97810;3094;148;798720;3488808960000;48277700
99968;6.9900002480;92103;2305;59;799744;3497760358400;47502765
100096;7.4310002327;117729;3367;250;800768;3506723225600;50855417
100224;12.0290002823;91009;3209;536;801792;3515697561600;47391522
100352;7.1650004387;103062;2711;20;802816;3524683366400;48876691
100480;7.0590004921;92436;2452;45;803840;3533680640000;48100271
100608;6.9680004120;89036;2525;58;804864;3542689382400;47440484
100736;7.1360001564;97689;2837;28;805888;3551709593600;48606385
100864;7.0670003891;95368;2948;32;806912;3560741273600;48008266
100992;7.1639404297;100290;2809;105;807936;3569784422400;48831423
101120;7.4160003662;114327;4067;385;808960;3578839040000;50557167
101248;7.0690002441;94785;3026;183;809984;3587905126400;48080955
101376;7.0880002975;95742;2728;40;811008;3596982681600;48207799
101504;7.2190003395;104224;3467;252;812032;3606071705600;49312805
101632;7.1770005226;97793;2471;77;813056;3615172198400;48927500
101760;7.4750003815;91082;3059;96;814080;3624284160000;47994227
101888;7.1930003166;96433;3003;138;815104;3633407590400;49010922
102016;7.3850002289;110142;3431;124;816128;3642542489600;50487979
102144;7.2720003128;102508;3656;226;817152;3651688857600;49418203
102272;7.5370001793;120193;3355;48;818176;3660846694400;51500050
102400;7.3120002747;104120;2784;178;819200;3670016000000;49859926
102528;7.4330005646;104623;3225;91;820224;3679196774400;49811991
102656;7.7450003624;113701;3217;153;821248;3688389017600;50884382
102784;7.4520001411;111480;3490;129;822272;3697592729600;50806628
102912;7.5830001831;119567;3585;57;823296;3706807910400;51925216
103040;7.3210005760;103787;3545;214;824320;3716034560000;49857817
103168;7.4640002251;112557;3704;104;825344;3725272678400;50852988
103296;7.3230004311;100495;3499;267;826368;3734522265600;49703755
103424;7.3610005379;101652;3079;230;827392;3743783321600;50153608
103552;7.2380003929;98745;2677;42;828416;3753055846400;49484508
103680;7.5290002823;112476;3624;260;829440;3762339840000;51434596
103808;7.6890001297;124114;3301;104;830464;3771635302400;52634439
103936;7.4830002785;105532;3425;261;831488;3780942233600;50942318
104064;7.3080005646;99633;2759;76;832512;3790260633600;49772861
104192;7.7630004883;124882;3725;255;833536;3799590502400;53162396
104320;7.3820004463;104605;3344;159;834560;3808931840000;50321066
104448;7.4650001526;104911;3606;38;835584;3818284646400;50624212
104576;7.5460004807;109983;2999;291;836608;3827648921600;51393586
104704;7.4970002174;108922;2977;175;837632;3837024665600;51204101
104832;7.6540002823;113726;3521;45;838656;3846411878400;51995135
104960;7.3470001221;100640;3557;109;839680;3855810560000;50050774
105088;7.6990003586;118155;3308;289;840704;3865220710400;52627834
105216;7.5310001373;106551;3159;139;841728;3874642329600;51536737
105344;7.5730004311;109956;3684;43;842752;3884075417600;51267383
105472;8.0820007324;106847;3971;63;843776;3893519974400;50677045
105600;7.5400004387;102954;2799;179;844800;3902976000000;51361840
105728;7.5910005569;110736;3169;109;845824;3912443494400;51819561
105856;7.5720005035;104597;3510;41;846848;3921922457600;51360716
105984;7.9670004845;130857;4710;337;847872;3931412889600;54358643
106112;7.7930002213;120012;3721;237;848896;3940914790400;53373044
106240;7.5330004692;107301;3207;51;849920;3950428160000;51318946
106368;7.8970003128;126432;4872;104;850944;3959952998400;53612286
106496;7.6469726562;109929;3432;281;851968;3969489305600;51957431
106624;7.5060005188;103816;3040;185;852992;3979037081600;51097181
106752;7.6680002213;109629;3447;158;854016;3988596326400;52239716
106880;7.6120004654;106991;3273;202;855040;3998167040000;51864555
107008;7.6160001755;104430;3799;37;856064;4007749222400;51740962
107136;7.6880002022;111513;3581;200;857088;4017342873600;52451138
107264;7.7600002289;115393;3431;242;858112;4026947993600;52883504
107392;7.5730004311;101235;3012;76;859136;4036564582400;51489533
107520;7.5760002136;105679;3062;139;860160;4046192640000;51677440
107648;7.7730002403;115810;3886;103;861184;4055832166400;53159116
107776;7.6490001678;106192;2743;277;862208;4065483161600;52184350
107904;7.8510003090;118371;3266;79;863232;4075145625600;53693472
108032;7.7450003624;112543;3425;197;864256;4084819558400;52912146
108160;7.8440003395;114504;3642;53;865280;4094504960000;53442564
108288;7.7440004349;109868;3050;152;866304;4104201830400;52807950
108416;7.8370003700;113653;3270;193;867328;4113910169600;53305110
108544;7.8470005989;117311;3545;85;868352;4123629977600;53605631
108672;7.8600006104;114135;3933;227;869376;4133361254400;53481653
108800;7.8630003929;115458;4503;192;870400;4143104000000;53501927
108928;7.6950001717;104230;3075;229;871424;4152858214400;52314541
109056;8.1170005798;129875;4268;132;872448;4162623897600;55350768
109184;7.8050003052;114923;4172;121;873472;4172401049600;52949249
109312;7.9670004845;120947;3857;340;874496;4182189670400;54376798
109440;7.8710002899;116560;3538;174;875520;4191989760000;53811550
109568;7.6570005417;100285;3290;42;876544;4201801318400;51892393
109696;7.8370003700;111236;3858;388;877568;4211624345600;53299166
109824;7.8660001755;112149;3418;173;878592;4221458841600;53664061
109952;7.8850002289;111732;3729;29;879616;4231304806400;53485960
110080;7.8720002174;111812;3504;148;880640;4241162240000;53372314
110208;7.8180003166;106327;3180;282;881664;4251031142400;53286552
110336;8.3050003052;138932;4636;53;882688;4260911513600;56618247
110464;7.8960003853;113910;3907;110;883712;4270803353600;53758416
110592;7.9010004997;113094;3187;264;884736;4280706662400;53857507
110720;7.9470005035;113791;3376;55;885760;4290621440000;53896321
110848;7.8460001945;109399;3377;129;886784;4300547686400;52987475
110976;7.8250002861;107291;3542;311;887808;4310485401600;53226955
111104;8.3900003433;144658;4695;177;888832;4320434585600;57264373
111232;7.8830003738;108772;4354;105;889856;4330395238400;53343192
111360;7.8290004730;103977;3230;229;890880;4340367360000;53153436
111488;12.8540010452;118036;4786;573;891904;4350350950400;55012846
111616;7.8570003510;106141;3166;39;892928;4360346009600;53592813
111744;8.4640007019;142008;4195;117;893952;4370352537600;58240937
111872;8.0139999390;117805;3201;36;894976;4380370534400;54799941
112000;8.0850000381;122146;3733;47;896000;4390400000000;55287631
112128;8.3030004501;135911;3861;94;897024;4400440934400;57147033
112256;8.1059999466;118831;3608;135;898048;4410493337600;55401798
112384;8.0590000153;116170;3400;121;899072;4420557209600;54981760
112512;8.2070007324;127329;5557;248;900096;4430632550400;55651046
112640;8.0460004807;117136;3333;210;901120;4440719360000;54875973
112768;8.1550006866;119027;3350;166;902144;4450817638400;55679381
112896;8.1290006638;118187;3817;137;903168;4460927385600;55398432
113024;8.1600008011;122635;4995;220;904192;4471048601600;55218676
113152;8.1210002899;120504;3910;266;905216;4481181286400;55286302
113280;8.2340002060;126420;3782;133;906240;4491325440000;56251780
113408;8.0720005035;113468;3215;164;907264;4501481062400;54827747
113536;8.1470003128;118211;3676;99;908288;4511648153600;55650581
113664;8.0270004272;110119;5662;241;909312;4521826713600;54094066
113792;8.3420000076;128478;3991;180;910336;4532016742400;57041791
113920;8.1920003891;116651;5304;189;911360;4542218240000;55224657
114048;8.1790008545;118674;3344;165;912384;4552431206400;55820643
114176;8.1190004349;113947;3121;59;913408;4562655641600;55358124
114304;8.4840002060;140054;5977;212;914432;4572891545600;57521357
114432;8.3330001831;107930;2991;277;915456;4583138918400;54734809
114560;8.2010002136;118362;4660;78;916480;4593397760000;55380926
114688;8.3340005875;127838;3806;248;917504;4603668070400;56939199
114816;8.2239999771;115377;3031;78;918528;4613949849600;55837833
114944;8.5080003738;136347;4343;289;919552;4624243097600;58475771
115072;8.1420001984;113858;3643;138;920576;4634547814400;55383980
115200;8.2210006714;116585;3355;370;921600;4644864000000;56050179
115328;8.0890007019;108541;3642;158;922624;4655191654400;55171880
115456;8.5610008240;140304;3976;32;923648;4665530777600;58253788
115584;8.2340002060;115755;3660;412;924672;4675881369600;56093967
115712;8.4240007401;126120;4090;86;925696;4686243430400;57266991
115840;8.3090000153;120199;4306;141;926720;4696616960000;56476635
115968;8.5740003586;135344;4452;370;927744;4707001958400;58560834
116096;8.1450004578;109936;3463;59;928768;4717398425600;55130176
116224;8.3140001297;114430;3984;202;929792;4727806361600;56396109
116352;10.9950008392;136324;4355;279;930816;4738225766400;58157546
116480;8.4930000305;126793;4191;62;931840;4748656640000;58043248
116608;8.3280000687;117685;3387;142;932864;4759098982400;56615935
116736;8.5560007095;131345;3991;195;933888;4769552793600;58458512
116864;8.4000005722;120603;3537;201;934912;4780018073600;57424778
116992;8.3260002136;113198;4255;88;935936;4790494822400;56216555
117120;8.2860002518;117677;3466;173;936960;4800983040000;56515263
117248;8.7740001678;142073;4308;333;937984;4811482726400;60051503
117376;8.4149999619;119555;6608;156;939008;4821993881600;56611088
117504;8.3270006180;115184;3253;269;940032;4832516505600;56761948
117632;8.3400001526;120701;4682;77;941056;4843050598400;56238695
117760;8.4770002365;121697;4738;291;942080;4853596160000;57627461
117888;8.5970001221;123410;4204;132;943104;4864153190400;57659415
118016;8.3640003204;115710;4008;366;944128;4874721689600;56952905
118144;8.7630004883;138222;5757;100;945152;4885301657600;59187727
118272;8.7480001450;139445;4627;541;946176;4895893094400;59897530
118400;8.7840003967;140941;4201;153;947200;4906496000000;60284936
118528;8.8220005035;142261;5878;104;948224;4917110374400;59620469
118656;8.9149999619;145166;6713;86;949248;4927736217600;60428435
118784;8.8750000000;145097;4179;363;950272;4938373529600;60589920
118912;8.6210002899;131698;3950;228;951296;4949022310400;59003942
119040;8.8110008240;135113;6707;97;952320;4959682560000;59761834
119168;8.4390001297;113881;3310;330;953344;4970354278400;57285651
119296;8.4730005264;121917;3487;156;954368;4981037465600;57829974
119424;8.5020008087;118670;5153;446;955392;4991732121600;57568620
119552;8.3900003433;111970;3141;155;956416;5002438246400;56977782
119680;8.7920007706;138856;4243;304;957440;5013155840000;59747323
119808;8.6990003586;130105;4597;215;958464;5023884902400;59362351
119936;8.6630001068;128962;3684;224;959488;5034625433600;59211816
120064;8.7560005188;132615;3701;172;960512;5045377433600;59931522
120192;8.5940008163;120285;3490;85;961536;5056140902400;58595038
120320;8.7470006943;134107;3487;357;962560;5066915840000;59762422
120448;8.6070003510;122827;3635;72;963584;5077702246400;58641305
120576;8.4390001297;112969;3240;269;964608;5088500121600;57559430
120704;8.7170000076;130164;3803;128;965632;5099309465600;59477800
120832;8.9600000381;143521;4644;139;966656;5110130278400;61647347
120960;8.7330007553;124449;2992;156;967680;5120962560000;59644481
121088;8.8980007172;140173;4437;185;968704;5131806310400;60990902
121216;8.8250007629;135518;4029;144;969728;5142661529600;60333528
121344;11.2190008163;127066;4447;646;970752;5153528217600;59391237
121472;8.8740005493;136296;3882;85;971776;5164406374400;60602264
121600;8.5890007019;114942;3432;161;972800;5175296000000;58492003
121728;8.7590007782;126415;3603;58;973824;5186197094400;59732715
121856;8.7260007858;124554;3384;198;974848;5197109657600;59605255
121984;8.7180004120;123616;3807;162;975872;5208033689600;59539775
122112;8.6510000229;118949;3258;205;976896;5218969190400;58900507
122240;8.8690004349;133725;4184;207;977920;5229916160000;60449084
122368;8.6170005798;110908;3808;190;978944;5240874598400;57791536
122496;9.5170001984;176101;5931;320;979968;5251844505600;65308671
122624;8.6300001144;115897;3683;341;980992;5262825881600;58798877
122752;8.9230003357;129159;3994;138;982016;5273818726400;59922622
122880;8.9409999847;136158;3795;143;983040;5284823040000;61110211
123008;8.7620000839;121890;3658;282;984064;5295838822400;59767405
123136;9.1360006332;139546;5011;130;985088;5306866073600;61445459
123264;8.7930002213;127236;3827;213;986112;5317904793600;59974033
123392;8.9200000763;121175;4408;72;987136;5328954982400;59543669
123520;8.7760000229;124638;4052;260;988160;5340016640000;59772504
123648;8.9570007324;122941;4867;64;989184;5351089766400;59769367
123776;8.8930006027;126499;3531;218;990208;5362174361600;60721402
123904;8.9490003586;123713;3942;121;991232;5373270425600;59894697
124032;9.1130008698;138395;4553;331;992256;5384377958400;62116645
124160;8.9550008774;126435;4964;167;993280;5395496960000;59796641
124288;9.2690000534;138684;5327;182;994304;5406627430400;61993435
124416;8.9170007706;128406;3984;181;995328;5417769369600;60585394
124544;9.1430006027;131567;4618;84;996352;5428922777600;61092937
124672;9.1590003967;138795;3889;276;997376;5440087654400;62599376
124800;9.6600008011;153996;6624;88;998400;5451264000000;63839087
124928;9.3489999771;153116;4644;275;999424;5462451814400;64034242
125056;9.0480003357;136474;3987;290;1000448;5473651097600;61657062
125184;8.9490003586;127823;3365;157;1001472;5484861849600;61006207
125312;9.0700006485;134998;3857;198;1002496;5496084070400;61913906
125440;9.0790004730;136365;3780;192;1003520;5507317760000;61958998
125568;8.8290004730;117091;3311;204;1004544;5518562918400;60036329
125696;9.1160001755;136405;3812;180;1005568;5529819545600;62143118
125824;8.8810005188;124536;3508;307;1006592;5541087641600;60605216
125952;9.0490007401;131486;3707;136;1007616;5552367206400;61843571
126080;9.0000000000;127883;3406;194;1008640;5563658240000;61283082
126208;9.0310001373;128491;3291;196;1009664;5574960742400;61512825
126336;9.1670007706;136888;4259;253;1010688;5586274713600;62669500
126464;9.3340005875;145916;4284;249;1011712;5597600153600;63889818
126592;9.1330003738;135823;4173;305;1012736;5608937062400;62435201
126720;9.0790004730;132031;3708;129;1013760;5620285440000;61706224
126848;9.2530002594;142469;4009;260;1014784;5631645286400;63306890
126976;9.0020008087;126058;3518;108;1015808;5643016601600;61335707
127104;9.1080007553;129716;3590;207;1016832;5654399385600;62238982
127232;9.1430006027;126742;3985;232;1017856;5665793638400;61736760
127360;9.4340000153;149941;5043;368;1018880;5677199360000;64594218
127488;9.3920001984;151646;4316;168;1019904;5688616550400;64350480
127616;9.1010007858;130821;3780;183;1020928;5700045209600;62088737
127744;9.2950000763;142752;4107;149;1021952;5711485337600;63607833
127872;9.3070001602;143088;4602;334;1022976;5722936934400;63634737
128000;9.1740007401;132373;3855;160;1024000;5734400000000;62588565
